152 runca.

mmaamffammstmmstfflwffiwma

4‚81 aspici01,2,47 aspicisl,l,9 IV,
3131111111111, 7,15 ·,1131111 8, 57 7, 3. 11 331113111174 aspicias
31511113 1119,'48 Ι, 3, 55 aspiciant ΙΙΙ, 1, 160
3111ο1111,1,20 3.,11131312,23 17,5,41 aspideI, 4, 23 ΠΙ, 2, 92 aspi·
3131117124 3313131113, 77 33313313171
arcet 111, 3, 56 42 3331313117, 4, 46
arctoo 11, 10, 45† ast ΙΙΙ, 2, 70 IV, 12, 3
Arcturum II 7, 58 · astrictis ΙΙΙ, 3, 26 -
3131131119 111, 3, 33 31331317, 331113 IV, 8, 63 33113119, 62

8 75 arcuI, 1, 79 ΙΙΙ, 5, 45 17, 311, 1, 36· 2,19. 41. 101, 3,,’,,47425.

3, 52, 9,78 3133312, 83 arcus 34, 5, 25, 6, 17, 7, 49. 70, 8, 21

Ι,5,50 396311291317111341
31033311, 8, 61 31033 ΙΙΙ 9, 23 59. 107, 5, 21, 6, 3, 33, 39, 9, 23

31033 (333111, 2, 109 17, 2, 47, 4, 21, 6, 39, 7, 29, 8,15,
argentum II, 8, 5 argenti 111, 4, 23 9, 29, 10, 43, 71, 11, 19, 13, 43,

argentoll, 1. 37 Π1 8, 3 14,41
ArgolicaI, 3, 70 311131, 5, 22
· arg omentum IV 15, 26 atquel', 5, 28, 6, 38 11, 1, 29. 51, 3,
31811111, 6, 42 arguat IV 6, 50 50, 5,53. 55, 625· 9, 57. 60 111,
3113133117, 25 4, 20. 34, 9, 27. 50 17, 7, 13, 8,
Α113133317,2,9 82;9, 9, 51, 11, 5. 21, 13, 1237,
Α1131313113111, 9, 24 15,21;16,46
1113903313, 71 Λ113331,2, 119
3111131, 3, 28, 8,26 179 9,94 arma 31113133311, 7, 24 17, 4, 27

(33311, 1 26, 2, 22 ,3, 69, 5, 11111013 (311111 7, 32

38, 8, 16 11140, 2, 1223, 9,55 at,tenuaretIV 5, 38

111’, 3, 47, 4,3 32· 8, 52 17, 16, 34 14111331, 3, 69

31111131369, 712 8511151, AtticeII’‚4’‚2;7‚2

2, 75, 8, 69, 9, 45 17, 6, 35, 7, 31 3113111131, 6, 12 ΙΙΙ, 6, 47 3113111133
armento (abl.) 111, 7, 15 · II, 3, 90
aro 17, 2, 16 3131112 auctor I, 1, 6 II, 3, 31, 9, 19 111, 2,
313 11, 8, 60 artis 11, 5, 66, 11, 2 105, 5,3, 9,9 IV, 16, 25 bis aucto·

3113111119, 73, 10, 15 311313, 11311, 10, 3 17, 9, 67 3331311 IV,

18. 25, 5, 36. 50 ΙΙ, 9, 40. 44. 76, 14, 40 auctorem I, l, 32, 5, 78,

10, 12 1Π,8,10;9,16’17,3,40 7,3 11, 11, 20 17, 13, 11 aucto-

311331, 1, 12, 4, 41 ΙΙ, 5, 40, 9, 47 ribus ΠΙ, 4, 37

IV, 8, 77 31111331, 3, 5; 5, 54, 6, auctumnus 1, 8, 28

7 ΙΙ, 2, 102ς7, 47 ΙΙΙ, 3, 38. 70101 3311311137 audacter I,5,63
articulis (abl.) 11, 3, 18 audet II, 2, 34 audetis ΙΙΙ, 7, 37
artificis IV, 1, 29 3110331115 audere II, 1, 11
31133 (3331110, 27 IV, 16, 61 3303131311,3,77 audebo 1,2,9 Ι
111·111331113111,2,25 31113317, 33333 (sum) 115, 28 ausim I, 10,

12,10 “ 1517,11,11,12,15,16,41 ausa
3111111111 2,107 IV, 15, 21 313117, (311111 2, 1611131117, 14,32 au-

15,? 31331133 17, 7, 3 3133 0331311111, 5, 29

Ι, 3, 56 3133(333.11,3,68 IV, 33317,13,2

10, 18 313131, 4, 11. 43, 9, 45 33313512, 8

111, 1, 19 31101311, 2,9317,9,129 33011311,
arx 31313 IV, 1, 31 31333 ΙΙ, 1, 57 7,3 17,3,11; 10, 17 audisti 1, 6, 1
, IV, 9, 29 3301311117, 9, 120 3301333117,
ascitus ascite IV, 9, 127 9, 32 audiet IV, 15, 38. 39 audior
AscraIV, 14,3l. 34 ΠΙ,9,39 3309312113 113,
Asiae 11, 9, 21 Asiam IV, 10, 55 65 17, 3, 39 3301131112, 81 17,
1133313(11.,)1.1ΙΙ,7,563333133331 3,10 3110113111, 4, 32 31101113

ΙΙ,6,8 1116,14 asperiora IV, 1114, 22

10, 36 auditor IV, 2, 35
aspergiturl,4,1 3313131Π,2,3 3111313117,5,26

 

