INDEX.

Hoc signo⁰ significaui uerba, quac in uersibus spuriis leguntur, cruce ea,
quae coniectura textui inserta sunt.

A· , a,bundclV 8, 37
11111926,ι 117,11,16

a.,(cxcl)1 1, 7; 8, 11, IV, 1, 16, 110010111111111111, l,9 accedatll,
3,,29 , 6,36 1111611161, 8,26 11611111
a(praep.,)l 1, 503 2, 6.,108 3 61 IV, l, 4, 1,6

84, 4, 24 42, 6,63, 6, 6. 32, 1, 1. accendo accensos 111 1, 112
2. 60, 8, 1.33; 948 ΙΙ 1, 9. 53. accessus accessum ΙΙ 2, 31 .
61,2,1.3,3,3.44.19,6,4,10,10116101111611111931) accipiant
7, 2, 6, 31, 9, 18 ΙΙΙ, 1,61, 2, 1. ΙΙΙ, 5, 36 3636111111μῆ 111 ac·
311.44,4,13,6,66,16117,1, cipe1'‚,114;·,8211‚4‚1;8,44
3, 4, 12. 24, 6, 26. 21, 32, 9, 22. 1v, 1,1
11, 10, 42, 16, 13, 19, 14, 41, 62. accipitrem II, 2, 33
62, 16, 4. 6, 16, 36 161, 1, 41. 111111, 11, 21 acrilV, 1,40 acres
19,2,62,89.104.,1313,1641,,211
29, 6,,84 1,14, 9,45 11, 2, 82. 86. 1111161111, 9, 30
96, 3,13, 4,1, 61943, 60. 66, acerna(acc.)lII, 3,14

4, 8,36. 69, 9,49, 10, 11111611, 8, 39

111, 4, 25. 21. 121 161, aceruos IV 7, 41

,434 45. 5.;562 4,2.,22 6, Α1611111111111111112,26

.4,6,6 2,1, 16· 86, 9,4 Achae1s (d) IV 16, 21

,.39
,60

1,,
ιῖ
291
4.

IV, ,1, ,2,3,38, 6, 26, 8, 11. 6111111111,1,61 Achillisl, 3, 74
61. 62. 9. 86,9,.53.112,10‚ 26. Achille III, 3, 43
43.46,14,1. 18. 2,8 2,16 19 1611 11Ι 6, 31 ames (acc.) lv,16,23
1610 ab5c4, 1, 4 Actaeae IV, l, 31
160016111113,12 IV, 11, 16 abire actu ΙΙΙ,6,16
1‚1‚34 11‚c‚cc 14‚2,42;5,44 adl,1,20;2,46.12155 111 131
abii 1,8,26 abiere ΙΙῘ, 2, 96 abisse 147. 148, 3, 9. 20. 16. 19. 94, 4, 15.
lmwommw 6166116616
abicio 1611111, 3, 31 abiectis11,9,75 ΙΙ, 1, 22, 2, 2. 21. 34. 39. 118, 121.
abominor ΙΙΙ 1, 106 122, 3,43, 4, 13, 6, 3314, 9,3.
1611111611 ΙΙΙ 1, 23, 8‚15 65,10,40,11,21 111, 1, 42, 69.
16660110 1611111161, 8, 19 121. 142. 150. 162, 2, 42. 1112. 88.
968616161111,6,611 11, 2, 32 III, 90. 91. 101,4,8.32,38.46,60.81.
4,62 IV, 2, 26, 12, 38 absumus 91 ,1,18.20 11,1,16,2,13.21,
nmc5mn‚wssamtffihfflmaemcmwcm
III, 3, 66, 6, 41 IV, 12, 38 abesse 48,1, 1. 15. 49, 8,60. 63166111
1,÷‚5'n’nffl435;542 w,·cawmffiwmcm4
16111111, 6,13 1111111111 IV 10 21. 60,16,33
69 1611111111, 10, 49 III, 4,70; adamante IV, 12,32
641 1611116111,11,23 ’4161111 0610131111,6,22 1111111223,
ten11V‚4,4c absens11,7,54 7.31 11,2‚71,73510122;9,44;
mmmmmmmmc mwlmhwzmffistffl

 

