lnnnx. 153

abstulit Ι, 2,4 abstulerit 11, 1, 66 barbarus Ι, 3, 38 II, 1, 10 ΙΙΙ, 3,

66161611,8,18 26 ΙΙΙ,2,38,9,93 barbare. 111,
anget1,8, 11 IV,10, 69 augetur 2, 38 barbare. (n. n.) IV, 13, 20

ΙΙΙ, 15, 28 barbara (666.) ΙΙ, 1, 38, 2, 100, 4,
auguror 111, 1, 133, 4, 80 Ν, 9, 133 109 'barbariora (666.) ΙΙΙ, 2, 18
4666616611, 6, 16 Augustil, 2, basis ΙΙΙ,3,52 ,

53 ΙΙΙ, 1, 136 ΙΙΙ,9, 10, 13, 25 Bato 11, 1,46

Augu'stae11,2‚ 12 1166661611, 666166 (n. pl.) IV, 8, 33 beatior

6,10.23,15,16 AugustumIII, 1, II,8,5 “

163 ΙΙΙ,6,10 Auguste ΙΙ, 6, 18 6611166ΙῙ,1,30 ΙΙΙ, 1,32

Augustos 111, 8, 16 Augustasl, 6611616117,12,33 66111 ΙΙ, 1, 46

2‚ll5 661161,8, 13 66116 Ι,1,31,1,
661666 ΙΙ,3, 16 auidam ΙΙΙ, 4, 19 11 ΙΙ, 1, 61 66116Ι,2,124, 8,6
6616 ΙΙΙ, 1, 21 666611, 1, 21 ΙΙ, 6, 61; 10, 14 ΙΙΙ, 4, 96 IV, 2,
66166 IV, 9, 110 43, 8,13

amnnnnnwennemstnnnmfflnwaw

16, 12, 42 6,4 ΙΙ,3,49. 53 616 96, 1, 22,9,
661611, 6, 31 ΙΙΙ, 3, 33, 3, 21 auras 34 ΙΙΙ, 1, 92. 101, 3, 16, 4, 92, 6,
ΙΙ, 11, 1 ΙΙΙ, 2, 61, 3, 93 51, 1, 9. 23,9,6 IV, 2, 46, 10, 11,
6616611, 1, 42 14, 11
66166111,4,19 661611,8,44 IV, bibit111,4,55 616611,8,60 bibe-

4,14,5,12 66166Ι,2,115.121, resII, 4, 23 bibeIV,3,53 bibi· ’

9, 5 ΙΙ, 5, 33, 9, 3 ΙΙΙ, 4, 36, 5, 1, 1661Ι,1,14 ΙΙΙ, 2, 41 bibuntur
9, 126 66616 (666.) ΙΙ, 4, 13, 9, 25 ΙΙΙ, 6, 18 bibantur Ι,ι10, 30
Auroram ΙΙΙ, 9, 3 biceps IV, 4, 23
auri ΙΙΙ, 3, 23 661611,1,41,8,5 bifores ΙΙΙ, 3, 5
ΙΙΙ, 4, 103, 8, 3 bimus IV, 9, 64
Ausonii Ι, 2, 82 Ausonium ΙΙ, 2, 68 binominis I, 8, 11 ι
4666616 ΙΙΙ, 2,101 ΙΙΙ, 8, 86 Auno· 616 ΙΙ, 1, 68 ΙΙΙ, 9, 43 lV, 9, 4. 63
6166 ΙΙΙ, 14, 38 616 16, 1
auspicium 111, 1, 160 Β1616616 ΙΙ, 9, 54
Auster 11, 1, 26, 3, 89 ΙΙΙ, 12, 35 Bistonii Ι, 2, 110 Bistonium IV, 5,
australibus ΙΙΙ,4,1 35 Bistonias 1, 3, 59
6611, 2, 45. 46. 41. 66 (616) 11, 3, Bittide ΙΙΙ, 1, 68
26, 6, 80, 1, 11 (616) ΙΙ, 1, 18, 8, 61666611, 2, 94
11. 12, 9, 41. 50 ΙΙΙ, 1, 96. 100, 2, bonum 6661611, 3, 36
21,3, 93. 94, 4, 12. 21. 42, 5, 39, 66666 IV, 12, 23 homil, 2, 69, 8.
40, 6, 31. 42 ΙΙΙ, 3, 21, 5, 11. 19. 14 11, 2, 42 ΙΙΙ,1,159, 2, 4 6661
21.23,12,13 Ῑ,2,,52,3,94 ΙΙΙ,8, 24 66666
»666(661.)ΙΙ,8,33 66616 11Ι,8, 63 ΙΙΙ,1,44 bonurn IV, 9, 54 6666
66616161, 9, 39 6666 IV, 8, 18 ΙΙΙ, 2, 43 6666 (6. 6.) ΙΙΙ, 4, 41
autumnus ΙΙΙ, 1, 13 66616 (661.) ΙΙ, 8, 46
¹auxilietur I, 3, 24 bonitate 1, 6, 46
auxilium Ι, 3, 4, 9, 26 IV, 6, 14, 15, boreas Ι, 6, 12 IV, 10, 41, 12, 35
26 666111111,1,50 6611111612 Borysthenio (abl.) IV,10‚53
116 666111661Ι,6,20,8,64 IV, 666 66661,4, 11 ΙΙΙ,4,82 bones
' Ι,26 anxilio IV, 3,8 auxitiis Ι,5, 24 6666116350 66666
-ΙΙ,9,36 (666.)Ι,8,54 ΙΙΙ,4,31
61611,10,48 ΙΙΙ, 1, 2, 9,10, 10, 6166611161, 6,34 ΙΙ, 2,14, 6, 13, 9,
43,13,40,14,62,16,36 65 ΙΙΙ, l, 150, 1, 28
, breuis 1, 2, 51 II, 10, 35 IV, 12, 12
Β, 66666Ι,6,21 ΙΙΙ, breuem II,5,
11 breue ΙΙΙ, 6, 2 breui (661.)
Babylon 11, 4, 21 · ΙΙ,11,1 ΙΙΙ, 4, 99 breues (666.)
66666 lv.15,10 ΙΙΙ,1,36 616616611,4,12 bre·
366666 ((1) ΙΙ,9,31 Iv,·2,9 61661432ο
666616 (661.) Ι, 8, 52 66661611, 13, 40
barbariae IV, 6, 34 barbariei 111, 1,5 brumali ΙΙ, 4, 25 IV, 5, 4, 1, 34

Ι

 

