1511511. · 165

5111551151,9,65.56 extinctos 155151111551111,3,13(Π1,1,110
111, 6, 35 11, 16, 61 1551515111, 1, 147, 2, 24 15515111
5115111 10, 46 11,14,44,15,1 511- 2,102 11, 7, 32. 54 155115Π1, 1,
1551119101 83 1551511, 6, 18, 11, 26 111, 1,
extrem (g)I 3, 49 5111515551(555. 64, 2, 98 11, 8, 88 15511511, 3,
5.)Ι, 9, 28 ΙΙΙ, 7, 20 extremo 25, 11115
(5541.)Ι,, ,1, 5 extremis (abl.) ΙΙΙ, 155555151,2, 61, 3, 11 11, 3, 75, 5,
51511511, 6,3 5551155501111, 1, 67 facundus 1555551 11,2 2,49 15555-
exulat IV 9, 41 551511, 9, 41 1555555111, 5, 16
F· Falerno IV 2, 9
1551115111, 3, 2 11, 6, 9 1551551, 15655511, 4, 32 151155511, 8, 41
2, 4 - 15115111, 2, 41 1511551 ΙΙ 7, 9
1555151112, 91 1511511, 6, 71 15115111, 9, 29 151-
155155118,13 1Π,4,35 11,13, 15 1515111 1, 108, 3, 53 151511111,
15515151, 2, 23 11, 9, 81 15515 10, 61 15115111, 8, 21 111, 2, 29
ΙΙΙ, 9,10 151551111,126 IV 7,4, 14, 39
1551115112, 113 15511511, 3, 11 15· 151551, 5, 84 85 11, 1,119, 3, 86,
51111, 5, 59 1551155111, 6, 32 15· 5,2,1 9, 3 111, 1, 41. 54, 2, 51. 71),
51155(555.,)1Π 3, 91 11, 4, 30 4,2.0 41, 9,46 IV, 3, 4. 28, 4, 16,
15515551, 6, 25, 7, 40 8,,46 9, 87, 16, 3 1511155111, 1. 46
15515111, 2, 18 155151, 6, 43, 7.65 15515511,3,71 155151, 2,141,
11, 3, 5. 46, 5,22, 6, V. 15 111,1, 5, 61
90,,,,24382,,61511.2,,83151115511,,,285113,40
29 155111, 3, 96⁰3 6, 31 33. 3,8 8, 1515111511, 2, 16
28. 62, 9, 40 11, 7, 76, 8, 26, '111 15551111,132
20 111, 1, 56, 2, ”3455 8,’1. 112· 7, 15511, 4 6 8,37 11,8,55,16,45
34 IV, 4, 48, 1,50, 9, 94. 91. 102, fasces IV 9, 4. 42 fascibus IV, 9, 62
10, 56 1551551 ΙΙ 7, 63 11 ,8‚9 15511511511,1,19
15515511, 2, 7, 5, 43,11, 5, 6 111, 155115151,10,1
9, 31 11,13,18,15,31 15515511, fastus (555.) 11,9,16
6,16 111,1,33. 77. 90 11, 4, 40, 15151551,8, 64
12,50 155151111,1,36 155151151515511,7,55Π,2,19.109 Ι1,8,
11,5,8 1551551 I, 9, 71. 97,4, 49 35 151511511, 3,19 151515111,
111,1,131 11,4,47,10,19,9,3 3, 31, 5, 31 15151551 11, 2, 29,
15515511,5,63 1551511,1,65 15· 3,7 15155511,7,35 11,1, 5, 4,
5155111, 8, 33 1555151111, 3,119 49 1515111, 2, 9, 6, 3 11, 1, 11
1551,2,7011,,,6359,,,37Π11 1111799191151315155
68146 11, 3, 51 155511, 2, 60 15151,1, 51 155551, 7, 22 IV„9
1115115111, 1,159 1555151, 2, 9,5 23 1515555 (eut) 119, 12
4, 7 111, 2,1,01 3, 54 11, 9, 41 15119511, 2, 26
155111, 9, 71 111’, 3, 37, 511 15· 15155111, 8, 59 ΠΙ, 5, 21, 7, 17 IV,
51111, 2, 13. 66 111, 4, 51 11, 1, 6, 3, 12. 36 151111,4, 30, 7,34
28. 33,4,5,7, 20,8, 80 15551551 11,10, 11 1515·Ι,2,26,5, 14 ΠΙ,
1,· 3, 30 fecerat IV, 10, 33 1551555 5, 67 15151, 2, 61. 92 11, 9, 36
111, 2, 61 fecissent IV, 14, 61 15115 (1111154, 76 1515 (555.) Ι.
1551111511, 11, 19 1551515115, 35 9,2211,7,17111,6,14 15115
1115155158 11,3,71,10,12111, (551.) I, 8, 64,7, 56 11, 1, 25, 0,9
1,50, 2, 28 11, 2, 22 8, 5 15515 15555Π, 6, 64 15551ΙΠ, 2, 22 15·
1921672304611418 ueasI'II,3,95;,43faueantI,l.
111, 4, 64 IV, 1,14. 32, 12, 26 63 11, 9, 97 155515 III, 1, 63
155151511,4, 13 1551515 (555. ) 111, 15555511, 2,391Π,1,160 1555515
5,39 155151,1,6011,6,11111, 11, 5, 20, 9, 36
6,25 IV, 8, 43, 9, 108 155151,3,15551116,1,0 9, 40 11, 14, 56 15-
73 ΙΙ, 9, 46 15515 (5 pl.)1, 6, 23 55115111, 4, 38 155515111,4,15.
111, 4, 60 15515 (555. pl.)1,8‚ 10 29. 71
11, 9, 132, 11, 3 155155 11, 7, 47 1555511, 15, 10

 

