176 1111111.

111111, 2, 34 lapidem IV, 3, 49, 2,30 legereIII,5,54 legerere
10,5 IV, 1,10 legeretur IV, 15, 46
leppeH,1,14 1111111,1Ι,9,4 11111 (11111111,
lequeoI,5,39 610 Ι111,10 11111 (1 ,11..)111
11111,1,10,7,68 5,13 111111,2,7,7,3 ΙΙ,2,6
Largus IV, 16, 17 lectos ΙΙ, 6, 20 111111 (111. 1 ΙΙΙ, 4,
11111111ΙΙ,3,47 63 IV, 8,13 legendo ΙΙΙ, 5, 29
111111ΙΙΙ,7, 28 legende (1.1.,1Ι 8, 48 legende
111111,4,1411,8,8 lasso (1111, (111.)Ι1,6,2
3, 39, 6, 13 lassis 11, 2, 46,3, 93 111111 Ι1,8,3,16, 23 111111 (111.)
11111111 ΙΙΙ, 6, 60 I, 4, 67
111111, 7, 4, 8, 8 IV, 5,4; 9,126, lenis lenem IV, 6, 27 lene IV, 10,
13,6 111111ΙΙ,9,76 111111111, 54 111111, 2, 70 111111 ΙΙ,3, 62
6, 40 1111111,1,9 ΙῙ,3,92 11,.. IV, 14, 50 111111(111.1 ΙΙΙ,7, 31
7, 32, 13, 15 111111 ΙΙΙ, 3, 102 la· lent5 (1.1.) III, 1, 44 11111 (111.)
111111, 3, 47 ΙΙΙ, 9, 26 IV, 15,ss
1111111 ΠΙ, l, 17κ 1111111 Ι, 10, 11 1161111, 3, 41
1111111111, 10, 69 . Lethes 114, 23 1111111111, 1, 17
Leno (111116, 9 111111111111, 6, 12·
Latlee (g) II, 3, 76 Latiis (111.) 111111, 2, 19. 62 II, 5, 36, 7, 22 IV,
IV, 13, 46 1,21’⁰; 3, 20. 31 leuel, 7 60 ΙΙ,
1111111(11Ι1, 14, 67 8,64 lem (1111111 1, 96 11111
11111111, 10, 26 IV, 5, 1 lembus (abl) ΙΙΙ, 2, 63
11111 (1111 7, 14 111111111, 9,20 1111111, 4, 26, 10, 20 ΙΙ, 7, 67 lv,
11111111, 9,110 11111 (111.) Ι, 3, 10, 63 1111111346, 9, 30 1111111
58 IV, 9, 17, 10, 30 Ι1,9, 108 -
1111111111 ΙΙ, 11, 13 ΙΙΙ, 1, 77 1111111111, 3, 34
11110111111111,9,9 Ι1,9,102 111· 1110111111111,6,44 1111111, 1,
1111,3,6311,6,3111,10,71111· 67 leues 111, 6, 14 111111, 8, 36
11111, 6, 82 1111111 Ι,2, 133 Ι1,9, 11111111, 10, 37 11111111, 7, 61,
91 111111111111,2, 141 leude· 10, 20 1111111116, 37 11111-
1111ΙΙΙ,2,36 Ι111111111,4,15 1111,6, 27
111111111ΙΙΙ,2,98 1111111111, lex III, 3,66 Ι1,12,6 legis IV, 5,
1,61 11111111,6,79 1111111 33,14,64 11ς1ΙΙ,9,71 ΙΙΙ,3,
Ι1,2,35 ·111111111Ι,1,30 lau· 67 legum IV, 15, 12 legibuel, 1,
111111 11, 5, 37 11111111 (111) 22 Ι1,9,94
ΙΙΙ,4,Γ,79 1111111111,13,19 111111111,1,3,
11111111, l, 67, 2, 88, 7, 67 2, 133, 8,9 ΙΙΙ, 8, 21 IV, 2, 3,
111111 ΙΠ,4,90 12, 26 1111111116, 71 111, 1, 43,
1111 IV, 6, 9, 13, 60 11111111,7, 3, 66, 9,1 Ι1,12,1,13,9
40 111111, 7, 20 laudem Ι, 4, 24 1111111111,9,121
ΙΙ.6, 31 11, 1, 33, 8,61 laude Liber IV, 8, 51
ΙΠ,1,116 1111111,1,29 II, 3, 111111, 1, 28. 35 72 Π,4, 17, 6,33
47 111, 1, 62, 2,34 Ι1,,8 87,13, III, 4, 16, 9, 51 11111 ΠΙ 6, 64
23 1111111111, 8, 45 1111111111Π, 9, 7 111111 (111111
111111111, 4, 43 55, 9, 43 lectore 1, 9
111, 4, 9 1111111111 3, 22 111111 (111.) ,11.11,
1111111111, 2, 41 6, 32
leg1t1m0s1113, 60 1111111 8, 39 libamusl, 9, 41
lego leg1sI'1, 2 ΙΙ, 6, 20 ΙΙῙ,2,1, 111111, 2, 84, 5, 11. 81
4,,91 6,111,2,1,1,111ςί1111,1111111,16,42
1, 62 11111111, 68 11111128, 111111111116, 23
6, 2 IV, 2, 34 1111111111, 2, 49 11111111111, 10, 29
1111111944 1111111112, 136 111111, 2, 36, 3,21, 4,,17 5, 27, 6,
legeres 11 6,9 leg1 ΙΙΙ 5, 22 11-3,,,1111111111111114,
,111168 legimusIIL,5 7 leges 8, 66, 10, 7. 43 111, 1, 77, 3, 76,
1,,810 legunturI, 1, 23 legiI 4:3’68 6,29,4811,1,15,7,17,
6,77 11, 5, 4111, 4, 64 11111111,9,1.66,113,10,28,16,11 liceat

 

