196 runnu.

qulursquedu1s1114, 30 cuiuisI, rarus IV 10, 44 1·111(11.1.,)111 i,
10, 15 11, 1, 8' quaurs IV 3, 33 19 IV, 2, 24 1111 (11 pi.,)I 1, 26
. quoi, 5, 72, 6, 10, 7, 23. 45610, 10, 111001, 9, 43 11111(100.)1, 8, 66
26, 5, 67 '‚'11 l, 2, 3, 21. 51 111, 1, ΙΙΙ, 5, 35 11110111, 3, 6 rarissime
28 IV, 14, 7 (161111, 3, 55
quelll, 4, 43 11110113, 58 1111111, 2, 6 ratem
quo (0. 06111.) I, 8, 9, 9,30 ΙΙ,,5 11, 6, 22 IV, 12, 42 11101110,
12 III, 2, 52 17 12,1 33 111, 1, 28 11100(11.,)Ι7 1026
, 00000006013 55 11100 (100) IV, 5, 42
quodII, 3, 38. 71. 72. 91, 8, 55. 56, 11110111, 9, 15 rationis ΙΙΙ, 6, 47
9, 7 2'1. 33. 47, 10, 10, 11, 23 ΙΙΙ,111101101,3,29 17, 11, 13
1, 25. 27, 2, 103, 3, 14, 1, 45, 6, 1111οο(161.1111, 1, 22
35. 45,7,9,9, 1. 34 Ι7,,1 10, 2, 100061017, 3, 7 100060111111,1,151
31. 33, 3, 24, 4,- 43, 5, 36, 8, 69, recedat 17, 3, 29 recedet 11, 8, 65
10, 2645. 84, 11, 21, 13, 5, 14, 3. reeens 111, 4, 56; 7, 34 (000.) 10-
28.45,16,39 centis 11, 4, 16 17,2,60 10001111
quendam 1, 5, 1 11, 3, 19. 25 17, 7, 17, 6, 17 recentes IV, 8, 87
19, 10, 52, 13, 41 · recepit II, 2, 26 IV, 9, 79 recepta
queniam I, 7, 69, 9, 55 ΙΙ, 2, 119 , 3, IV, 7, 21 recepta (sunt) IV, 4, 14
57, 6, 31, 8,59,9, 79, 10,51, 11, receptum III,5, 53
25 111, 5, 27 Ι7,7, 1,8, 79;9, 5. 1001110 ΙΙΙ, 5,39 recitem Ι7,2, 37
98, 15, 23 recitent ΙΙΙ, 5, 40
qudque 1, 1, 66⁰3 2, 31. 57. 95. 101. 1000160111, 4, 9
143, 3, 25, 4, 19. 21, 4, 47, 5, 9. rectorem II, 5, 62
16. 51. 86, 6, 13, 41. 48, 7, 35. 39. rectus 1001111, 7, 61 1001011, 6,9
56, 8, 47, 9, 34, 10, 21 ΙΙ, 1, 1. 9. 10010 11, 3, 13 rectius ΙΙΙ, 5, 32
15. 63; 2, 20, 3, 22. 47. 50, 5, 63, recurrens IV, 11, 15
6, 29, 7,13.55; 8, 43. 55, 9, 37. recusati lV 13, 28
63, 10,28, 11, 20. 27 ΙΙΙ,1,56. redditI, 5, 26. 56 IV, 10, 32 red·
144⁰. 154, 2, 15. 24. 37. 43, 3,25. 6111111, 1, 57 ΙΙΙ,1, 131 106610
37. 40, 4, 51. 7081. 83, 5,44; 7, Ι, 7, 61 lV, 7, 2 10660 ΙΙ 10, 51
13,8,3,9, 49 Ι7,1,4. 227. 25 2, 111, 5, 35 1066010 Ι7 5, 30 ded-
13,,,51;5,37,6,11;8,55;9,·11 dentem IV 9, 43 reddet IV 12
3156901111,10,8,11,2,13,,7 18 reddemus II 11, 7 reddidit
14, 5. 11, 30,’16, 4. 28 ΙΙΙ, 2, 42 redditur 111, 1, 81
quot II, 1, 44, 7, 27, 28 IV, 7, 46, reddi IV, 8, 35 redditus Π, 8,1
12, 21, 15, 7. 9610. 10610 redditu III, 3, 39 1066111 (11.1
0110110001,1,7,2,;122 9,.212311,,1 1, 3, 3
13, 9,16Ι11, 1, 6117, 1, 9. 11, 9‚112’ redean'tlv, 6, 47 rediret IV 16, 33
11110111), 10, 31 III, 4, 41, 6, 30 IV, 106111115, 55 10611011 (100117
R 1061100161 (00001) ΙΠ, 1, 105
· reditus (000.) Il,3, 17 IV, 6, 21,
1161οΙ,3,54 9, 45
Rabirius IV, 16, 5 · 10111111 reducis IV, 16, 26 reduci 11,
racemos IV,15,9 8,16
1161001011114,103 101010111, 3,3 101010 ΙΙΙ 9, 2 17,10,
106011000114, 17 73 101011 111, 2, 51, 4, 61 IV, 3,
11111101, 1, 31 101110(161.)ΙΙΙ, 5, 19 28 1010110111, '1, 63 111, 3, 45
1011011118, 14 1010110111, 11, 25 1010111111, 3,
rapax IV 10, 49 80, 6, 21, 10, 42 ΙΙΙ, 4, 41 Ι7,5,
rap 160( (01111111, 1, 8, 3, 61 rapidis 33, 8, 88, 11, 12· 16, 37 10101111,
(6117, 8, 29 1, 72 10101010 ΙΙ 3, 91 referrem
ι rapum 7, 8 rapiunt ΙΙΙ 2, 93 re· 111, 2, 39 10101001 ΙΙ 11, 26 ret·
0011168, 47 rupti (g) IV 11, 5, tulit IV 1, 12 referatanV, 1, 21⁰;
16,1 raptam IV, 9, 79 rapte 5,39 1010111111, 3, 73
(161.,)Ι 8,1 1111105100.) 111, 4, 1011611116, 18
14 1111110(161.,)ΙΙ 8, 67 10101016111ΙΙ,7, 13 ΙΙΙ,4,49

 

