15551. 197

155515 IV, 16, 9

155151, 7, 13 ΙΙ, 10 51 111, 1, 27, 5,

“ 11511151 df powrplg’qep did} 191117,
8,17 ΙΙΙ,10,29

155151, 4, 39 11,9,1.11

1555515 IV, 15, 15

15555 (555.) ΙΙΙ, 2, 59, 3, 35 Ν,

re2o5r9egis11. 3, 58 15551 ΙΙΙ, 3, 61

15, 31 15151,10,2 11,3,5 1v‚9,
95, 15, 13. 22 15 ΙΙΙ, 1, 35 lv, 12,
48 155 ΙΙΙ, 1, 103 151515 1, 2, 73,
10, 17 ΙΙ, 2, 12; 4, 29, 5,29, 10,
31 ΙΙΙ, 1, 1441, 4, 51 lv, 1, 35, 4,
15, 5, 27, 9, 71 rebus IV, 1, 23,
8,26 155 ΙΙ, 10,41 rebusI,1‚ .
17 ΙΙ, 2, 45, 3, 93, 5, 25, 6, 19, 7,
53 ΙΙΙ, 2, 25, 4,·22. 41 IV, 3, 25.
49,5,22

regerem IV, 12, 24 15551 IV, 5,17 rescribere lV, 16, 13
15155511, 2, 7 relegatus lv, 15, 2 15551555115 IV, 4, 23

1515551515 IV, 13, 40
1515555115 ΙΙΙ, 5, 11 Ι
151555 ΙΙΙ, 3, 11

15515115 II, 3, 51 resistit 111,2, 18
15551551, 2, 102
15555515 IV, 9, 100

’ relinquo 111, 5, 55 relinquit lv,1⁴r, respicio 1v‚4,13 respicis II,3, 93
47 relinquam 111, 1,3 relinquant 15551551,9,25

111,2, 5 relinquet 1, 1, 75 reliqui respondet IV, 2, 15

1,4,47 ΙΙΙ,9, 17 reliquitI, 3, restitnit 111, 6, 37 restituisse ΙΙΙ,
73,6, 35, 9, 15 relinquor ΙΙ, 3, 28 6, 36 restituendus (5155) IV, 13,38
15115151,2,47; 6,28 IV, 16, 49 15515111, 3,60 ΙΙΙ,1,70 1V,8, 66

relicta (555.) ΙΙΙ, 4, 62 IV, 15, 18
15115111111, 5, 27

5351115311 IV, 2, 45 restabat ΙΙ,
ι

’ 15155555 ΙΙ, 4,3 ΙΙΙ,2,6 1555551115551551117,8,28 ’

Ι, 6, 30
remige ΙΙΙ, 1, 1

retexit 1, 3, 30
15155151 ΠΙ, 9, 26

1551111511,6,8 1511115117,2, 23 re· 15551155 IV, 13,7

miserit 11, 2, 61

1555155115 III, 6, 15

remoti 11, 2, 119, 11,3 17,9, 123 15551111, 7, 47 ΙΙΙ, 5, 57

15155115(551.) ΙΙΙ, 1, 21

renisam ΙΙΙ, 3, 81

remusIV,10,33 remo (abl.) ΙΙ,6, 155 IV, 14, 39 rei (5) ΙΙ,2, 52 155

37 1515551, 5, 40 remis IV, 15, 28
1555555551, 2, 39
1555551111, 7, 34 x

(d) ΙΙ, 6, 8 1515 ΙΙ, 2, 48 1555

IV, 6, 30
rex regi IV, 7, 25 15555 ΙΙΙ, 4, 109

reor 111, 1, 51. 13, 1, 4 1v, s, 13; e, regum 11, e, 15 51, 4, rr lv, 2{1

12 1551ΙΙ,7,35 151511,5,3

regibus (abl ) IV, 7, 6

repellas IV, 1, 19 reppulit IV, 3, 40 Rhenus ΙΙΙ, 4, 108 Rhene 111,4‚ 88

repulsa 111, 1, 88

ridear IV, 12, 16

15551115111,1,34 IV,8‚ 15 1555- 11551ΙΙ,7, 72 115551Ι,2,21
11151ΙΙΙ,9,43 15555111 ΙΙ,2,50 rigidam ΙΙ,2, 38 rigido 1v, 7,8

reperta (511) ΙΙ, 8, 29 III, 1, 118
repertorem ΙΙ, 9, 44

rigide 15, 3, 51

1155115511, 11, 9

1555151, 5, 42 1555155111,10,6115517,9,76 11555 (d) Ι, 8, 11
repetas 1, 5, 27 repetam IV, 15, 1115 ΙΙΙ, 2, 65
37 repetes IV, 4, 41 repetita 111, ritus 111, 2, 79 1115 Ι,9,35

reduddum, 19 '

155555 Ι, 7, 67

reprehendat III, 4, 78 reprehenditur

1555155Ι,2, 41 111, 3,7

requiouerit IV, 5, 27

requirit IV, 15, 2 require 1v, 9, 87
requiret IV, 5, 11, 29

res 1, 5, 78,7,45 11,2,50,5,3.5,
7, 37, 9, 11. 55. 63 ΙΙΙ, 4, 48. 83.
106,6,60;7,37,9,23 IV, 2, 32,
7,44,8,44. 50. 68,9,68, 10,81,

1155 ΙΙ, 5, 22
robur (555.) IV, 8, 50
1555111, 1, 90, 4,6 15555111, 6, 6,

9,14 IV, 3, 10 rogatI.2‚ 149,
5, 2 ΙΙ, 2, 99 ΙΙΙ, l, 62 IV, 15, 34
155551, 1,13 ΙΙ, 9, 73 IV, 1, 27,

’ 9, 52 15551111,10,65 1ο551,2,

128, 8, 3 IV, 9, 82. 88 1555151,
10,44 IV, 5,45 1ο55151,6,23
11, 3, 100 ΙΙΙ, 9, 3 roganti 111, 1,
87, 7, 1 rogante 111, 3, 79 1555-
1515 Π, 5, 35 15555111, 9,27 ro·
55511 IV, 3, 41 1555151111, 1, 40 ·

 

