munit:

Ι, 8, 40. 61 11, 6,417, 9, 69 1100-
10117, 2, 43 licebit IlI, 2, 231 4,
33 licuit 11,2, 89

lignum 1, 2, 33 ligno (abl.) Ι, 4, 36

ligonibus Ι, 8, 59

ligo ligantis (1100. pl.) I, 6, 39

1111111,6, 19 ΙΙ,4, 17

limantur 17, 6, 37

limen IV, 5, 16

11111101, 1, 371 3, 20 s

limus IV, 2, 17 limo (161.) Ι7,2, 19

lingue ΙΙ, 2, 49. 67 ΙΙΙ, 3, 22 17, 9,
12114, 40 liuguae Ι, 2, 67. 117

ΙΙ, 3, 76 17, 6, 36 linguam 11,·

6, 3 lingui ΙΙΙ, 6, 9 17, 10, 84

linigerae Ι, 1, 61

linunt 1, 2,16 11111, 6, 16 litae
(11111) 17, 9, 83

11111 (d) ΙΙ, 9, 70

11111110 liquit 1, 3, 77

liquefiunt Ι, 2, 66

liquescit Ι, 1, 68

11111011, 6,4, 601 9, 46 11,7, 17

1111111111, 9, 10 1111111111 ΙΙΙ, 2, 61
liquidis (1111.) Ι,4, 18 11, 3, 401
10, 46 liquido (adu.) IV, 6, 21
111, 3, 49 liquidissimus IV, 10, 63

11111011, 8, 38

1110111, 2, 88

1110111,7,119,4 11,3,671 6,31 7,
1110,4 ΙΙΙ, 9, 62 17, 2, 231 8,11
9, 81 11, 161 14, 261 16, 34

111011117, 4, 8 11111 (100.) 17, 2,
16;3,61 1110101,1,2 17,10,2
1110111, 2, 60 ΙΙ, 9, 67 111, 2, 68
17,8,83

11111111, 4, 18 17, 1,141 12, 26

Liuia II‚8,4 111,3,8714,96 17,

- 11101111,1,0613,10114,74 17,
10,47

11111111,6,21

10011017, 9, 46 1001111117, 9, 129

1001111, 1, 812, 721 3,84;6,681 7, 31
10, 18. 24. 36 11,1,418,18110,
30111,1,6612,12.4617,4,3

lv

(100.) I, 2, 76; 8, 33 ΙΙΙ, 3, 79 IV,
14, 14. 24. 29. 37 10011 I, 10, 32
11, 4, 20 ΙΙΙ, 2, 641 3, 401 8, 22
IV, 6, 21 14, 6

longus 1, 10, 3 longa ΙΙ, 4, 261 7, 34
ΙΙΙ, 2, 7413, 62 IV, 6, 31 9, 1181
11, 191 12, 141 16, 38 longum 17,
13, 36 longi 11, 10, 9 111, 9, 20
17, 9, 46 longae I, 9, 36 ll.
3, 69 101111117,4,23 longumIll.
3,4617,8,719,24 longo 1,3.
16 11, 7, 37 111, 6, 63 10111112,
381 3. 26 ΙΙ, 6, 48 Ι7,12, 12 longi
111,4, 11 longa Ι, 6, 48 lon-
gis Ι, 2, 84 longos 1, 4, 9 longas
ΙΙ, 6, 36 longa 111, 3, 81 longis
Ι, 8, 69 II,4, 11 longui, 6, 81
11,7,11111,3111,2,4616,6617,
7, 311 9, 93 longius IV, 14, 62

loquax ΙΙ, 9, 3

loquor l, 2, 601 3, 91 11, 10, 48 ΙΙΙ,
6, 60 17, 16, 12 loqueris IV, 3,
68 1011111(0011.)1, 2,6 loqui
ΙΙ, 6, 641 8, 10 ΙΙΙ, 1, 1641 2, 401
4, 7216, 431 9,4 17,6, 101 10, 66
1011101111 11, 10, 36 loquendum 11,

10, 37 100111 (011) 111,4,66 lu· -

0111 (sumus) 111, 4, 113 loquente
ΙΠ, 6, 60

1010117, 10, 18
luqidqq IV, 9, 64 lucida (acc.) ΙΙ,

Lucifer Π, 6, 60

1101011, 6, 13

110111 (1117, 11, 9

111111 IV, 3, 49 11110111, 8, 71

11111117, 8, 74 111111(11111,) IV, 9,116

lumen (100.) II, 8, 66 17, 10, 42 11-
1111101, l, 63. 67 lumin-a (1.) 111,
4, 49 IV, 4, 44

luna 111, 3, 6

Lupus IV, 16, 26

lupi Ι, 2, 18 lupum 11, 7, 11
lustrali (01111111, 2, 73
1111111111, 2, 17

1001 I, 2⁹ 233 5, 503 ⁸2 ¹⁸² 11, 1’ 5²3 lustri IV, 6, 61 9, 46 lustra (acc.)

2,10816,16 17,4,221 7, 2219,
811 14, 36 100011, 2, 94 ΙΙΙ, 1,24
1001111, 1, 34. 47. 79 11,1,24;
2,,841 7,42; 8, 36 17, 7, 3319, 201

mmmmm

11111 (n. pl.) 1, 4, 4 11111 (aec. 111.)

Ι,9,9

14, 58;.15‚ 343 16‚52 10001,1‚43 111111Π,1,169 1100111,6,46 1100

quastuunuuwssmu
11101111111

1, 101 4, 281 8,801 9,411 10, 421
13, 601 16, 22 100111, 7, 63

{Vq} 71 9, 16 lucibus (abl.) 11,
1111000111.) I, 10, 29
1110111111 17, 10, 63

ΙΙΙ, 4, 261 8, 6 locorum 111,4, 391 Lycus IV, 10, 47

7, 33 10011 17, 7, 21 9, 76 loca
1101111, ovrn. 11110110.

lyra 111, 4, 46 lyrae IV, 16, 28
12

 

