156 1101111.

01010111, 4, 68 01101101, 5, 58 00300001011, 10,1 cognoscat 111, 2,
01111101,10,21 011111,10,8 cibis 105 cognoscere 111,5, 15 cogni-
(11111,7, 10 10011, 7, 23 0ος0110(001111, 10,
0100111111,3,15 417, 9, 117; (1010001117, 7, 14
Cimbro IV, 3, 45 0ος0110176,2;2 10, 51; 12, 20
Cimmerio 17 10,1 - cogitl, 4, 2011, 3,71; 7, 6 cogatI,'
01081115,οὸ IV, 9, 17 cingarll, l, 37 coegitl. 2, 95 cogitur13
8,69 0101001011114,105 0100100 2,122 cogerer 111 6, 10 cogetur
1810 ΙΠ9,4 01001010111,1,11 111, 6, 58 00001015, 10112, 110
01010111, 2, 28 01001001, 2,110 ΙΙ, 17, 2, 20
2, 58 17, 16, 348 00101101, 3, 76
Cinyphiae 11, 7, 25 0011111001, Ι, 13
0110000001111, 2, 18 00110 ΠΙ, 3, 13 00110 I, 5, 243 6, 39
01101 Ι, 4, 15 11, 9, 58 ΙΙΙ, 7, 16 17, 4, 313 9, 50
01110101017,8,75 001110 Π, 1,43 ’
0110011,4,11 01101 17, 7, 62 citius 00101 Ι, 10, 26 17, 10, 62ς13,3 00-
I, 1, 76 11, 4, 25;7, 25ς8,65 1010 ΙΠ 3, 96 17, 13, 13
011101, 7,55 0010011100(ς1Π11,3, 19 0010101100
01111001,2,124 (n. p.,l)I 6, 51
0111111011,3,65 . 001οΠ, 0, 60 ΙΙΙ, 4, 70 001101,
01010111,2,94 Ι7,2,42 9, 36 1’1‚·2‚ 121 17, 8, 22, 15,
clamabat Ι, 1, 54 0100100110 I, 2, 59 24 00111 11, 2, 07 111, 2, 48 lV,
01001010,111,4,31 5, 26 001001Π, 1, 76 cole IV, 2,
clarus 111, 2, 59 17, 3, 45 01010111, 49 0010010017,2,11 0010112,
2, 36 01015 IV, 16, 45 0101010 123ς8,45 0010111, 9, 35 00101000
(n. 0.) Ι, 9, 39 01010 (0001 ΙΙ,1, 1,5,42 0011101ΙΙ,0,62 00100-
31;2, 10 010110 (01111 11,3,1 10111,1,9 00111,1,50 cultus
0101100111, 1, 128 01011011100011, 11, 2, 95; 3, 79 IV, 14, 13 00110
9,19 I, 7, 553 2, 78 11, 2, 4ος3,74 111,
0100111710, 79 1, 70 0011011, 3,3 cultos 1, 2,148
01003101,1,141 00100111, 9, 29
claudo clauderet lV 16, 36 elausit 001001010111, 2, 49
Ι,,2 124 clanseritl, 1, 6 011111- 0001110001101, 4, 50 001000111,1,
1100110 Ι, 7, 37 01011001,7,36; 8, 124; 2, 74; 3, 16 IV, 1, 30; 12, 30
62 ΙΙ, 7, 38 IV, 8, 85 (est) 0100- comis ΙΙ, 2, 88
0110(111Ι,3,39 01000017, 10, 45 0001001,9, 16 ΙΙ,3,31;5,43 111,
clausi I, 6, 37 0100000111, 6, 42 1, 109 17, 12, 23 comitem 1, 7,
01000110 Ι, 2, 18 010000 111, 8, 19 33 11, 3, 56 17, 10, 74 comitum
IV, 12, 32 ΙΙ, 7, 61 0010110οΙ, 2, 138ς4, 33
clauda ΠΙ, 1, 86 00011000 I, 5, 74 17, 7, 44
010100011οΙ, 2, 59 11, 2, 117 ΙΙΙ, 6, 000111001111, 2, 79; 3, 43 ΙΙΙ, 2, 33
717, 1, 25 00011001017, 4, 41 0010110101,
01100110 17, 3, 42 9, 47
01011101,8, 44 commendere IV,3,3 001010εο11010
0000 0011 111,3, 26 coeat IV, 9, 85 (01011 111,4,71
001101, 6, 243 3, 87. 88 coisse 11, commilitii 11, 5, 72
1, 21 committere 11, 2, 35; 3, 77; 9, 71
coepi 1, 3,8 17, 3, 24; 13,21 coepit 0001100110 (aco.) 1, 8, 29 11, 3, 96
· 11, 3, 67 ΙΙΙ, 7, 20 0000010111111, commodioris ΙΙ, 8, 72 commo-
3, 94 coeperat IV, 6, 15 coepta 111010 ΙΙΙ, 3, 64; 9, 38
(11111111, 3, 70 IV, 12, 29 coeptos 0010100010 ΙΙ, 10, 17 Ill, 4, 67 00111-
11, 7,17 00001011, 7, 81 111,1, 0111010(000.117,8,81;13,43
139 coeptis (d) 111, '1‚ 59 como comptus III,3,15
coeptum coept1 ΙΙ 5, 30 comperit I, 2, 93 111,2,82
000100017, 8, 73 00010011, 2, 25 0001000οΙ,6, 31
00010001 ΙΙΙ, 3, 61 00010100111011,6,9 000010010110001.)

coetu 111, 2, 41 IV, 15, 5 complectar (f.) 11, 8, 69
cognomine 11, 5, 4917, 16, 17 complexus (sum) 11, 3, 81

 

