INDEX. Ι

simplicitatis 111, 3, 100

011001 ΙΙ,3,24;7,82;10,41 ΙΙΙ,3,
21 IV, 6, 16, 8, 52

'simulacra 11, 8, 57 ΙΙΙ, 2, 93

simulasse IV, 3, 19

sincero (001.) IV, 9, 10

’ 01001,2, 143, 10, 23 ΙΙ,2, 114, 7,

201

ΙΙΙ, 5, 23 001110 (001) 1,4,13 00·

111001 (0000) Ι, 2, 133 ΙΙ, 3, 100
00111010 IV, 5, 23 solitum (000.)
ΙΙΙ, 4, 102 001110 (001.) ΙΙ, 9, 23
111, 1, 1653 0, 11 11, 0, sa 10, se
solitis I, 2, 42, 8, 53 0011111,
10,6

49,8,63,11, 19 111,2,88, 3, 40, 00110101, 6,’53 00110110 IV, 14, 35
5, 58, 6, 22. 45, 9, 53 IV, 3, 1, 8, sollicitasse 111, 3, 50

οᾇ1100000001
01010110 d) Ι, 4, 31⁰ sinistrum (000.)

’ ΙΙΙ, 3,·11 01010111111, 8,17 si-

nistra (ace.) ΙΙ, 2, 2
0100 0101011, 3, 2, 010111, 3, 36, 6,

solliciti (gl 11110, 11 sollicito (abl.)

111, 2, 12 IV, 9, 130 0011101101,
5, 61 sollicitae (n. pl.) 111,1,
148 sollicitis (d) ΙΙ, 7, 14 001-
1101110 (001.) ΙΙ, 3, 18 001110110 IV,
6, 44

10 11, 9, 16. 48 ΙΙΙ, 8,6 IV, 8, 25 001011 Π, 3, 67 IV, 11,11
sinunt lv, 10, 30 01000 lV, 1, 19 solstitialis ΙΙ, 4, 26
01001ΙΙ,2,63, 5,12 01001111, 5, 0610011,2, 58,3,35 ΙΙ,2, 64 0011

’ 22 0100100017, 10, 37
Sinopensi, 3, 67

ΙΙ,9,4, 11,28 00100117, 14,30
0010 Ι, 8, 42

sinum IV, 9, 73 01000 (000.) I, 3, 52 00100101 Ι, 4, 17 0010101οΠ,5,53

11,2,34 lV, 10, 16
010101 ΙΠ, 1, 18
0101101, 1, 45 0101101, 1, 38
81100010 IV, 7, 25
0111000 Ι, 8, 60 ΙΙΙ, 4, 55
0111011, 2, 86 ΙΙΙ, 1, 18
situ Ι, 5, 8
0100 Ι,2, 53. 54 ΙΙ, 10,34 siue——

mnasrmeaewstenn

11;14,53 00101, 6, 30 ΙΙ, 8, 29.
10 111,1,00.110;1,0 11, 0, 01;
9, 41 solum I, 9, 46 001010 (000.
n.) ΙΙΙ, 9, 6 solum (acc.) ΙΙ, 2, 15
0010 Π, 10, 47 soli 11, 9, 76 IV,
9, 37 solae Ι, 10, 30 0010 (0.) II,
0,01;0,11111,1,1011,1,1

01001,3,31 117,2,31.33 000- 0011101οΙ,2,43 “
010011, 10,33. 34 IV, 1, 3. 5; 8, 00100001,1,42,10,21 ΙΙΙ, 3, 7, 12

17. 19 0100-000 IV, 3, 19. 20
Smyrna I, 3, 65. 66
00000 IV, 16, 30
000010 (001.) IV, 8, 90
00010110 Ill, 1, 73
sociam ΙΙ, 8, 29
sodalis (g.) ΙΙ, 6,5 ΙΙΙ,6, 11 sodali

somni Ι, 2, 47 somno (d) I, 5, 47
somnos ΙΙ, 9, 61 ΠΙ, 1, 36, 6, 5

00000111, 6, 28 ‹-
sontibus (d) IV, 6, 32
sonum IV, 4, 12 0000 (abl.) 111, 3,

10 00000111, 2, 42, 3, 66 sonis
(001.) Ill, 3, 22

ΙΙΙ,6,1 IV, 12,37 sodalem ΙΙ, 00001 ΙΙΙ,3,4
, 4, 33 sodalis (000.) Ι, 8, 25 so· sororem 1v,10‚ 55

dales IV, 13, 1
001 ΙΙ, l, 41 00110 Ι, 4, 29. 30 ΙΙΙ, 1,

001011, 3, 44 lv, 14, 47 001110 (000.)

111,1,101

127 IV, 6, 48 00100111,1,27 ΙΙΙ, 0000001, 7, 15 II, 8,,12. 45 Ill, 2,3

4, 49 0011000 l, 3, 54

spargitIII, 2, 73 sparge IV, 16, 48

solacia Ι, 3, 3, 6, 15 ΙΙ, 7, 79, 10, 11 spargere Ι, 8, 58

1v‚ 1, 40, 11, 11
0010111010 (000.) IV, 8, 29

000110101 IV, 4, 11
0000100 ΠΙ, 3, 4, 9, 30

0010011, 6, 17 ΙΙΙ,5,40 001011, 2, 000010011ῐο 11,2,77
56116, 3, 10, 6, 44, 10, 34 11, 1, 000010 ΙΙΙ, 1, 69 0000101 Ι, 8, 44

14, 5, 42 ΙΙΙ, 2, 10, 3, 6. 19, 4, 74
’ IV, 2, 42, 4,38, 5, 33, 10, 24, 16,2
soletis ll, 9, 22 solent ll, 7, 59
III,8,4 00101011,5,5411’,7,4
0010001111, 8, 45 IV, 3, 13 sole·
0001, 7, 65 ΙΙ, 3,49 ΙΙΙ, 5, 43
IV, 9, 91 solebat Ι, 2, 129, 9, 33

spectem II, 8, 19 0000101011, 2,
89, 8, *9 spectarem IV, 0, 26
0000100110 Ι, 8, 37 spectabit II,
1, 59 spectabere 111, 1, 59 000·
01010 ΙΙ, 1, 19, 7, 80 IV, 7, 13
(1010001) spectatum (acc. m.) 111,
4, 17

ΙΙ, 6,1,7,21 ΙΙΙ, 3, 13 IV, 2, 26 00010 Ι,2,63 0001001,3, 44 spc-

solitus (001) ΙΙ, 2, 4 0011100 (101)

rare Ι, 6, 37 0001001017, 8, 21

 

