INDEX.

M

Μ1111ΙΙ, 10,2 IV, 16,6
Machaona 111,4, 7

Machaoniis Ι, 3, 6

1111111111, 1, 26 madent IV, 7, 36
madidas IV, 1, 30

193
4I

19 1111111, 3, 4,8, 26,
6,4111 6, 48 IV, 19, 38,
111111, 4,,9 7, 69, 19, 16
7, 61 80 ΙΙΙ, 1, 10, 101,
18 IV, 6,44 1111111, 9,

1,1
M‚6
,1
1,
1,

2,
74
14
H,
3,

1
1.91,9Π,’1911ω1
11111

Maeoniam IV, 6, 27 Μ110111 ΙΙΙ3 11111119, 14, 41 1111111386111,

- 31 Μ1101111119,12,27
Maeotide ΙΙΙ 2, 69

1111111111, 9, 63
maestae (1) II 10,11 1111161111,

1,147 IV, 13,16 111111(1)Ι,9,
31 11111(11.,11.)ΠΙ,2,20 male
I„.964 103. 109, 6, 53 ΙΙ, 2, 101,
7, 2 ΙΙΙ, 4, 75

2, 31 1111111111, 10, 34 maestis 1111111111 19 6, 40

9ᾎῇ9319111
11111111η111
191111111111

111,11(ΙοΙΙ 5, 34 mandat 111, 4,3

mandem IV 12, 43 mandare IV,
6, 13 mandati II, 2, 41 mandata
(111111, 2, 121, 11, 23 ΙΙΙ, 2, 91

2,19, 3, 72,4,43, 6, 12. 19. 29, 1111111, 2,20 IV, 14, 60 manent

9, 93. 33 IV, 9, 25. 33,14, 35
11111111111, 10, 16 ΙΙΙ, 3, 48 111-

III, 2, 49 maneat 11, 5, 73 111-
1111119, 8, 10 ·

gistro ΙΙΙ, 3, 23 magistro 111, 11611112, 112 ΙΙΙ, 1,109

161161911111, 3,63
mag 1111111111, 10, 21

111111111ἰο11,1,63
11111111, 5, 21 1111111111, 1, 68
mansuetas ΙΙΙ, 6, 28

. 1111111111, 9, 23 IV, 9, 31 magna 1111111199, 11 111111( 1) II 10, 7 “

127342661646829
15 ΙΙ, 10, 29 ΙΙΙ, 1, 4354, 4, 69,
7, 37 IV, 6,41, 13, 48 1111111,
8, 17, 9, 61 ΙΙ, 5, 27 IV, 16, 5
magnae 11, 1, 29 IV, 6, 22 magno
1, 1, 48 magnum (111.) ΙΙΙ, 2 96
11111101, 9, 6938, 94 II, 8, 34 ΙΙΙ,
4, 63 Ι9,3, 41 .111111ΙΙΙ,1, 59
1111111111, 3, 88 magni 1, 6, 70
magnorum 11, 3, 47 ΙΙΙ, 3, 32 IV,

1111111111, 6, 14 19, 8, 82 manu
11382,126,3,60,4,56,6,10;
6, 42· 8, 224867, 10,12 ΙΙ,2,
19,9,68,10,4.14ΙΙΙ,,196,,2
66,,,’,’.,31441862Ι9 1,1432,
7 23 12, 24 1111111(1 1,)111, 3, 20,
4, 40, 6, 36 1111111111 pl.)'1, 2,
46100316546 922119
74111, 2, 72, 4,4 IV, 2,28, 5,983
8, 76

2,1 magnis 111, 4,9 1111111119, marcescant ΙΙ,·9, 61 111111111111,

6, 26, 8, 36 11111111, 6, 26, 9, 40

11

ΙΙ, 9, 36 III,1.169 11111111, 5, Marcia1,9, 138 III, 1, 78
22 ΙΙΙ, 1, 87 IV, 8, 88 1111111, 111111, 9, 9 1111111111, 1, 20 Ι9,6

3,91,4,10,,,,,,517112110823
11152592419718163
1111111, 9983 5, 64(acc.) 11, 2,

6, 16, 21 1111111910, 38 mari
111, 8, 8 IV, 10, 10, 16, 14 maro
IV, 6, 46 11111119, 11, 16

16,8, 16 111, 1,139 19, 3, 41, 8, 1111111111,,1 17 1111111619, 10, 63

- 50, 15, 26 1111111 (111111, 8, 7

1111111111, 10, 39

ΙΙΙ, 7, 95 IV, 8, 69 111111111119, 111111111111, 1, 73 1111111111, 1,109

10, 67 1111111111, 2, 81, 6,,32 6 7

marito 11, 8, 43

· 11, 1, 45, 9, 13, 11, 28 IV, 19, 44 Manus IV 3, 47, 16, 24 ·
1111111111. ,11)19, 8, 37 ma· 1111110111, 8, 35 ΠΙ, 6, 25 IV, 8, 32

11111111, 1, 62 19,,21

maiestas 11, 8, 30 19, 866 11111111-
tem 111 1, 156 19, 9, 68

’ 1111111111 19 6, 7

Μ111 19, 7, 45 Martis III, 6, 32

Μ11111, 8, 16 ΙΙ, 9, 46 ΙΙΙ, 6, 35
Ι9,6, 29, 7, 14

Μ1111119,16, 6

11110111111119, 8, 71 1111111119 9, Μ111111111Ι9 14, 14

99 1111111111, 5, 5

Μ111ἰ11, 8, 24 19, 9, 65

1111111111, 3, 18. 46 ΙΙΙ, 9,16 111Ιί 11111111, 4, 67 11, 6, 15, 8, 41 ΙΙΙ, 3

18419 2, 32, 16, 60 malum
111, 2, 14 194, 6 1111111111, 4,

87 11191111, 1, 39 ΙΙΙ, 3, 68
1111111111, 3, 79 1111111119, 13, 29

19 ΙΙ, 7, o. 99. 46 ΙΙΙ, 9, 49 19, 11111111111119, 10, 72 1111111111)

 

