11111. 205

31, 5, 12. 19. 25. 58, 6, 37, 7, 32. 7, 36 10130130.) ΙΙΙ, 3, 671110, 8,
75, 9, 14. 72, 10, 17. 47, 11, 4. 19 ΙΙΙ,3, 56, 6.36,.14,20 10113
1422 ΙΙΙ, 1, 83. 87, 2, 30. 34. 79, (3111.)ΙΙ, 1, 40, 2, 14,7,15 ΙΙΙ, 3,
3, 33. 49. 57. 77, 4, 4, 6. 79, 5, 37, 70, 6,·17
“ 6, 5. 55, 7, 35,8, 5. 19. 24, 911. 10101313192, 13 1011013113(303.)
. 3341 ΙΙ,1,6.18,2,5.15,3,38. ΙΙΙ,6,27

41. 55, 4, 914, 5, 27, 6, 17. 24, 7, temerasse IV, 10, 82

18, 8, 2. 43, 72, 9, 41. 67. 71. 100. temperie ΙΙ, 7, 71

125, 10, 11. 30. 37. 77, 14, 34. 36. temperat ΙΙΙ, 6, 24

39,15,35,16,41 “ templum III,3, 91 templi ΙΙ,2, 27
tamquam I, 2, 14, 97 templo ΙΙΙ, 2, 65 templum ΙΙ, 1,
tandem ΙΙ, 1, 5 IV, 8, 84 34 IV, 8, 31 templo ΙΙ, 9, 26 ΙΙΙ,
tangas ΙΙ, 5, 57 tangat IV, 8, 89 2, 93, 6, 25 templa (1.) ΙΙΙ, 2, 49

13113111192, 102 IV, 925 tan· templis (d) ΙΙ, 1,67 1011013900.)

ges IV, 9, 5 tangent IV, 9, 125 ΙΙ, 2, 81 ΙΙΙ, 4, 29, 5, 21, 8, 33

tetigere 111, 3, 20 tetigiset 11, 3, temptat ΙΙΙ,9,42 temptamus 11‚5,

63 tetigisse ΙΙΙ, 7, 26 tangar 25 1010010111,2,51 temptare I,

Ι(0011)Ι,10,31 1313119910 2, 65 1011101311,2,123117,15,23
Tantalidae IV, 16,26 tempora (n.) IV, 14, 55 tempora
tantum (adu.) ΙΙ, 2,103, 10, 8 IV, (300.) ΙΙ. 2, 78 ΙΙΙ, 2, 75 tempo·

7, 13. 51 ribus (abl.) ΙΙ, 7, 57
tantummodo IV, 16, 49 , tempus Ι, 5, 44 ΙΙ, 2, 65 ΙΙΙ, 1, 3,

tantus 11, 4,21 1311131, 4,6 ΙΙΙ,4, 3, 89936 ΙΙΙ,2,42, 197 1010- ’

83 IV, 1,27,8, 56 1311111011, 5, 0011319195 IV, 10, 74, 11, 17
56 ΙΙΙ,8,69 13111 Ι,2,1 III, 9, tempus (aee.) Ι, 4, 20, 5, 27. 36 ΙΙ,
45 ΙΙΙ, 6, 12, 9, 58 101130 ΙΙ, 5, 3, 4, 6, 29, 7, 69 ΙΙΙ, 1, 93. 129,
28 1311οΙΙ,9, 12 tantum (331. 3,1 ΙΙΙ,5,25.40, 6,6, 7, 53, 9,
n,)1,5, 75 131101,7,31ΙΙΙ,4, 56. 60,10,67,14, 60 1011100131,
41, 313 1V, 3, 48, 5, 22, 10, 13 313 11319133, 11,1 111,1,
tantis 1, 1, 13 11, 1, 21⁰ tantos 103. 133, 3, 25 lv, 4, 47, 5, 14, a,
IV,15,45 1311133 Ι,3, 11 tanta 50 10110013(1.)Ι,9,11 ΙΙ,9,59
ΙΙΙ, 1, 55 131113 ΙΙ, 6, 30 ΙΙΙ, ΙΙΙ, 1, 14 IV, 5, 47 tempora (aec.)
4, 41 1, 5483 8, 55 11,4, 10;1,14;0,
Taprobanen I, 5,80 50 III, 2, 29 IV, 9,88; 10, 11,
1311131111, 4, 52 15, 5
13111511, 10, 38 1311130111,2,76 10113111, 9, 28 II, l, 14 IV, 6,7 10-
tardior 1, 4, 26 IV, 10, 50 naci (351.) II, 6, 21 10130131,
Tarpeio ῙΙ,2,40 Tarpeiae (g) IV, 2, 61
’ 4, 29 Tarpeias II, 1, 57 IV, 9, 29 1015011, 965 1011114111,9,62 1011-
Tarpeios IV, 8, 42 dit 11, 2, 109 1011110111, 1, 150
Τ31103111,2,45 , tendistilV,7,15 ' ’
Taurica Ι, 2, 78 · tenebris (311.) IV, 2, 33
taurus 111, 7, 15 tauri I, 3, 41 1311- 101015 IV, 12,24 1010110 (abl.) ΙΙ,
1011111 4 12 3, 73
mmstimmssammmmfflmmamm
(ate.)1,2,4811,1,4a 5,46 ΙΙ, 8, 11 ΙΙΙ, 2, 70 IV, 2,41
tegam (f.) 111, 6, 57 tegeret IV, 9, tenent 1, 2, 73 ΙΙΙ, 4, 10 teneas
26 texit 1, 9, 54 tegantur 111, 9, ΙΙΙ, 1, 88 10103117, 9, 86 tenere
28 10013 (1. f.) II, 1928 IV, 5,4 1,8, 22 ΙΙΙ,1,32 101011,7,81
10010 (d) ΙΙ, 2, 35 10015 ΙΠ, 1, 16 teneret IV, 9, 24, 16, 32 1010131
10013(1.1.)Ι,8,35 Ι,6,2 10111111,3,6511Ι,9,77

1015111,1,113 - 101013111,3,14 1010110111,2,

Telegoni 111, 1, 123 ‚ 61 10101110 (aee.) 11, 2, 81 1010·
tellus I, 3, 65. 82, 7,11, 10, 9. 39 II, ris ΙΙ, 5, 63 101011 IV, 1, 7
7, 66, 8,11 ΙΠ, 1,7 IV, 9, 98. 10101 ΙΙΙ, 12, 29 10101131,10,6
115, 14, 57, 15, 38 101111131,4,33 1011311111, 7, 43 ¹
10111131, 3, 47 tenui IV, 3, 35, 6, 37 tenues (1.) ΙΙΙ,
telum (300.) ΙΙΙ,7 ,12 1013 (n.) lV, 983 1011100(3110.)ΙΙΙ,3,93

 

