11111. 162⁵,v

35,111,10,19,19,3.15,95,14, en1,1,45 ΙΙ, 3. 96 ΙΙΙ, 7, 33 IV, 4,
17.19,94,63,16,14.19 11611, 16,7,3,15, 19
4.6911, 9, 98, 4,6, 7,,4 10,,8111 Εηο616111119,11
1,48,9, 16, 6,38 lV, 62'42 mihi 661161, 9, '1'133 68· 5, 91, 9 8,
1,1‚48.61.63.;’,’..'.77271493 93,10,3ΙΙ,9. 9ι411,.33.31’1’,,111
106,3,.3946.99,,..,,41109937 37391734889191198
6,7.9;,,4..,,.,6191934779936 6,13;,;‚’67113;13‚’6 .
40,8,39. 50, 9, 1. 11. 15, 31 35. 66661, 9, 196 ΙΙ, 1, 66 ΙΙΙ,9,58
37;10, 19. 90. 94. 97. 30. 364042 IV,1, 44. 47, ,78
11,1.3.7,90,96,47,9,6,94.46. eo 1111, 9, 30 66611164. 60 eam
91. 95. 107, 3, 3. 54. 69. 70. 71. 73. 111, 7, 8 666111, 1,1440 66119,
97, 4, 6. 9. 11. 14. 17, 6, 3. 11, 33, 100 111, 1, 98, 9, 84, 7, 90 IV, 10,
7,17 19. 93 46. 60, 8, 9. 7. 14. 1934 1661ΙΙ,3,90 111.7,59 1616
91,9, 8. 11. 97, 63. 79. 78,10, 99. IV, 3, 61 16111, 4. 16 ΙΙ, 11, 99
39 111.1,5..37 61. 70. 79. 89. 97. ΙΙΙ, 4, 100 161111, 10, 96 1'1, 1, 36
169,,996,3,..9,9194939,,414. 11,’,’,,’3611113631 te1,1‚”,81V
94 39616 4448 67 6 1961 6,11161681793111986
58; 6, 1611466361
9, 97. 993164 IV, 1,
94 98, 9, 1.,499 99,
4,11. 91. 6, 4.1
4. 6, 11, 13. 3163 9,
101,10, 1. 8,11,9
46.47,13,.191,14, 7,15,..4146 ΙΙ,5,60
5969, 15,4,6, 16337. 40 me Ε,)κ16611661,3,91
(666.)Ι,,195,9,9. 11 95. 43. 87.89. 661616161,1,17,9,5,9,1 III,5,13
99.9133,89.943,..3,45195167„,51V953,613,119
41,7,4, 173 ..35. 54. 67· 9. 15, 6661616110 10 ,98
9, 16. 51. 59. 33, 99617475, 6661661,10,11 6661161, 10, 31
83;6,6, 7, 6. 1. 69 171, 666661, 9, 17 IV, 9,18 6661166 IV
9,4.7,10,59ΙΙΙ,,149,9,15,3, 8,17
7. 31 6165064108, 4, 68, 6, 91. equidem IV, l, 53 3, 97
63, 6, 19. 38, 7, 11. 99, 9, 313 6661661,9,19
IV, l, 33 9,41. 43, 3, 9, 4, 43, 6, 666661, 9, 84, 4, 16 ΙΙ, 11, 99 6661
19,,49, 7, 4, 8, 19, 9, 95. 3140, 99. 1, 9, 54. 110 11, 9, 68 III, 9, 96
113. 116, 13, 39, 16, 3133638. IV, 8, 80 6666 11, 6, 38 66661,
49 166(661,)1, 9, 99. 66, 9, 115. 9, 80 ΙΙΙ, 1, 8 equorum IV, 1, 33
145, 4, 49, 6, 163 7, 6, 96 11, 1, 61. 666161, 9, 190 11, 8, 60 66666 ΙΙ,
67,9,7,6, 76,8, 63 111,1,40.47. 8, 40 lV, 7. 69 6661611,1,68111,
96. 109, 9, 99. 94, 4, 69, 6, 43, 6, 1, 69, 4, 100
8,7, 31 IV, 3, 63 6,939,5 ereptasIV,7,26 ·
eheu 11, 10, 30 61661, 9. 197 11,11, 19 111. 3, 105,
611,9,7 IV,6,438, 13 7,7111,4,93,14,17.19,16,47
6161611, 5, 37 ,, Erichthonius 11, 9, 90 ·
elegi ΙΙΙ, 4, 85 IV, 5,1 eripis IV, 330 eripit ΙΙ, 10,6 erepta
elicias11,5,46 1,1,57,8,39
elidem lV, 9. 91 erro errent IV, 10. 99 61166661 ΙΙΙ,
611 1161111,199 6166166111, 9, 54 1, 53 erranti IV 14, 58 erran-
Elfs 1111111611. 10, 97 tem IV, 16, 14 6116661 (661) 111
6166616611, 5, 40 6166611 ΙΙ 9. 47 4, 43 6111111611, 3. 66
616661611, 6, 56 6116111, 9, 69 111, 9, 11 IV, l, 13
6166111161, 7, 61 6116116 11 9, 63, 3, 99 111,' 3, 75
6611661111, 3, 193 IV, 15, 96 errorem IV 8, 90
eminusI, 6,17 61666166611, 1, 36 ,
6160616661111, 10, 20 empta (acc) esseda 11 10, 34
111,15,18 666116161Ι,10,10
6111661161,5,17 611, 1, 17. 94, 30. 35. 60, 9, 9. 8. 94.
emollit 11. 9, 48 98. 38. 44. 4950. 61. 63. 94. 111.

. 11*

1.0, 39, 6 48 11,9,6,7,30,9,18, 14. 6
1616111611, 1, 50 6611116117, 15, 98

9.
9.
25. 98. 51, eunti ΙΙ, 9, 97 6661611111, 9, 79

19399. 93, 8,9. 1161611, 7, 18 1161111, 9, 60
,991 37. 59. 98. eodem IV 15, 33

49,
6 917 90 92 6661119119 6666Ν,6,48 eois

,81

 

