200 nonar.

tepebi1111,4.56 1,119;6, 15 1115511, 2, 82, 10,20
tepefecerit IV, 5, 35 11155511, 6, 22 1111155511, 2, 33
tepidus 17, 12, 35 tepidum (adu.) 1151555111, 3, 85 17, 3, 57 11155-

Ν,10,43 155111,6,41 timuisse 11, 10, 39
15117, 9, 34, 10, 28 bis timeare 11, 2, 24 timeri ΙΙΙ, 3, 105
terebinthus ΙΙΙ, 3, 98 timendus 1, 3, 57, 4, 28 timendos
teredine Ι, 1, 69 Ν, 14, 27
151ςο(551)111,3,19Ν,4,12 terga 1551115511,2,17 timida 11, 7,37 ΙΙΙ,

(ace.) 1, 2, 80 111, 2, 8. 72 7, 12 1111111155 (g) 11, 8, 75 timidi
tero terit 111, 1, 8 11115 11, 7, 44 (n.) 111, 2, 19 1111111115 Π, 2, 38, 8,
151151, 2, 78.99,3,50. 68,4,30, 6, 51 ΙΙΙ,2,13

2, 8, 73 11,2,92,7,64.68;9,54. 115151 ΙΙ,2,32, 7, 5 1115511517, 5,

66 111,1,2,2,38,4,75,8,16Ν, 14 1111151111,7,7 11515151,2,62

2,44;5,4, 9,105.114.128,15,9. II, 3, 88 ΙΙΙ, 1, 153;6, 43 .

15 1511551,1,1,5, 75 151155 11115551,1,72 ,

17, 12, 33 151151, 3,53 11, 7, 30, tingere 11,9. 56 tingitur 111, 8,8

5, 15 111, 1, 20. 145, 1, 41, 1, 35, tinere (f.) 111, 1, 15, 1, 11 tinctum

9, 3 Ν, 2, 21, 14, 7. 33 terrarum (aec. 11.) Ν, 6, 34 tincta (11. pi.)

1, 9, 36 11, 8, 26 Ν, 3, 43 terras IV, 10, 31 1155155155.) 111, 3, 106

I, 6, 29. 33 11, 2, 62 ΙΙΙ, 3, 61 11555151, 1, 38

IV, 6, 16, 10, 55, 11, 16 tehris TiphysI, 4, 37

(55,1)111 1,127 1115155177,17 1115151,1,1711,
1511511, 3, 58 111‚1‚ 122 15115511, 1, 50 ΙΙΙ, 6, 50 11151515 Ν 13, 7

2, 43 111, 2, 9 15115511, 2, 112 1115115 IV 4, 26 1115155 IV 10, 72

terruit IV 9, 78 1511551 17 9, 82 ἰ1“11γί1,2,99

15115551111, 6, 50 15111155111, 3, Tityron IV, 16, 33

11 territa 11, 2, 36 Ν, l, 25 ’1111511517,15,9
15115115 IV, 10, 24 1511515111, 2, 15 toga 11, l, 61
15111517, 10, 1 tolerare 1, 2, 85
testificanda (est) IV, 9, 98 15115151, 3, 23 15115 111, 5,58 sustu·
testis Ν, 7, 4, 8, 30, 9, 114 155115 1111, 8, 16 15111151 ΙΙΙ, 9, 16

(g)111,9‚50 155151, 1, 56 111, 2, Τ51515 (n.) IV, 14, 59

24 15511555111, 1, 60 Tomitae 1, 2, 76 Ν, 9, 97, 14,15.
1551115151 ΙΙ, 9,51 1551515 Ν, 15, 2347

11 1551551151,9,43 111, 8,1Ν, Tomitanus 111, 8,2 Tomitanae 1,
¹ 2,7 1551515(551)111,1,93 Ν,7, 1,-1 1551115551,6,49111,1,6;

53 (5551) 4,2 Tomitanae 111,8,10
’15551511 I, 3, 80 Tonante II, 2, 40
texuerunt 1, 3, 30 texta (555.) 111, 1555111, 2, 114

4,110 ” torpens Ι, 10, 13
theatro (abl.) 1, 5, 69 1555115 (n.) 1, torpor 1, 2, 28 ·

8, 35 11, 4, 20, 6, 28 torquet 1, 5, 21 ΙΙΙ, 6, 27 torquere
ThebasIV,8,53 11, 9, 57 15155551Ι,1,60 111, 7,
Τ551111511511Ν,10,51 33 151155 IV, 10, 48
Theromedon I, 2, 119 torquem 111, 3, 15
Thersiten III, 9, 10 17, 13, 15 torrentibus II, 3, 21
Theseus ΙΙ,3,43 ΙΙΙ, 2, 33 IV,10, 1ο1111,8,29 111,1,·164 1515 (551.)

78 Τ115555Ν, 10, 71 1, 2, 132 ΙΙΙ, 1, 118, 3, 8 151551,
Thessaliae 1, 4, 28 10, 34 ΙΙΙ, 3, 50
Thessalicum 1, 3, 74 151151111, 9, 44
7555115111, 2, 59 , torua (n. 1) 11,’8, 22
’15155511 17, 5, 5 1511, 2, 29, 5, 75; 8, 7 11, 1, 43 111,
Τ515151511111,9,52 2, 95, 6, 29 IV, 9, 95, 10, 59, 11,
Thyesteae IV, 6, 47 16, 12, 21, 15, 7
thymis (abl.) 11, 7, 26 15115551, 5, 33111, 1, 89, 5, 133 7, 8;
11515551, 1, 39 9, 39 Ν, 3, 46, 9, 111
Τί5511,3,82 1ο155Ν,3,43 1ο151,7,3611,2,
11155511,2,124 Ν,6, 13 1111155111, 99,6,16 Ν,9,113 1515111112,

Ι

 

