168 runux.

64, 8, 68 IV, 13, 42 fugae 111, ,5111151Ι,7,27

2,8 15,5151,3, 70, 4,34 15,5 ,55511,7,31 ΙΙΙ,2,48 Ι1Ι,14,49

(1111111, 2, 70 · gentis Ι, 1, 46, 2, 100, 3, 81, 7, 8
fugicfugirI, 3, 38, 6,8 ΙΙ, 2, 36, ΙΙ,2, 105, 9, 43 ΙΙΙ, 2, 79, 3,2

7,11, 10, 27 IV, 12, 48 fugit I, IV, 6, 9 gentes 1, 2, 79 ΙΙ, 1, 22

3, 71, 5,84 fugerem I, 4, 38, 9, ΙΙΙ, 4, 25 1v, 2,38, 4, 20, 9, 77

42 15,5151Ι17,5,33 111,51551Ι, ,5511555111,10,22

6,29 15,155511’,3,42 15,155- ,551151,2,2,7,1011,2,55111,2,
. tibus (5111.)ΙΙΙ, 1. 69 57, 3, 54. 99. 103, 4, 75 ,5115115
fugo 111,5111, 3. 24 15,555511Π. 6, Ι,8,1711,9,17.19. genus IV,

21 15,51551,3, 79 fugatis IV, 8,17

14, 59 · (1515551511, 5, 41,8, 39. 47 ΙΙΙ,4,97
fulcio 15115 ΙΙ, 3, 60 Germanicus IV, 5, 25, 13, 45 Ger·
1111515111, 3, 14 5155155 ΙΙ, 1, 49 1v, 8, 9165
. fulgeo 151,555 III, 8,7 fulgenti· gerisIV, 8, 73 ,51551ΙΙΙ,3, 106

1155 IV, 7, 31 1515155511, 1, 27 gerentem 11, 5, 61 ,511 IV, 7, 44
1515115151, 7, 44 ΙΙΙ, 1, 51, 6,17 1111- gerenda (551) ΙΙΙ, l, 96

11111151, 2, 126 111, 2, 9, 6, 27 ,55155 (555.) lv, 2, 33
1111151555 (abl.) 11, 2, 114 Getes 1, 2, 106, 5, 62, 7, 12, 8,16 11,
fuluo (abl.) ΙΙΙ, 8, 3 151555 ΙΙΙ,2,74 l, 66 IV, 2, 22, 7, 48, 13, 18 Ge·
15155151,3, 34 ’ 155117,3,52 Getae (11)Ι,2,76
Fundani ΙΙ,11,28 015151,8,6 Getae 111, 2, 37 Ge·
1511111115 (51111) IV, 3, 5 tarum 11, 2, 63 Getis (d) II, 10,
fuderit ΙΙ, 1, 26 fusa (5. pl.) ΙΙΙ, 3,8 30 111, 4, 92 IV, 7, 28, 14, 14 Ge·
fungitur IV, 9, 11 functa (esset) IV, 1551, 5, 12. 74, 10, 50 111, 2, 102,

9,12 5, 28 111,8,84,9.78,10,2,13,
1555115ΙΙ,8,49 11111551,9,51 15- 22,15,40 015115(51)1.)1,2,92,

115151, 7, 29 ΙΙ.3,3 funera 1, 2, 7,2 ΙΙ, l, 20,2,4, 7, 2. 31 111, 5,

29111, 9,17, 47 6, 9, 32 IV. 2, 2, 10, 70

“ furiosus Ι, 1, 25 Getici 1, 8. 55 IV, 4, 8 61511551, 1, 2

1515111, 1, 11 151511511, 3, 46 111, 5, 45 IV, 7, 20, 13, 19. 36 ,5-
111111555 Ι, 4, 41 15111555111, 3, 56 tica 111, 2, 46 ,5115151 9, 45, 10,
32 ΙΙ, 8, 69 ,511555 ΙΙΙ, 7, 19 ,5-

G, tice III, 2, 40
· (11,511511,10,24 Gigantas IV, 8, 59
galeae ΙΙΙ,4, 103 gigno genui ΙΙΙ,9, 12 ,5551111Ι,

. (15111551555.)Ι17, 18, 18 6, 27 ,551155 Ι, 3, 47 IV, 9, 9 (55·

Gallio IV, 11, 1 sem) 14, 33 (fuerat) geniti (5.) 111,
,5111155111,3,87 gaudet 1, 2, 89 ΙΙΙ, 2,101
3, 87 ,5511551Ι,1,65 gaudere glaciesIV.9,86 glacie ΙΙΙ,1,15,
ΙΙΙ, 4, 48 gauderem IV, 9, 20 4,33111,7,7
,551155517,9,23 gladiator 1, 5. 37 11,8,53
gaudiali, 1, 17 IV, 4,6 gaudia ,1511151,6,41
(acc.)11, 1, 7. 60 IV, 4. 21, 9, 62 gloria I, 5, 57, 7, 20 11, 7,47, 11,
gelidam IV, 5‚·5 gelido (5111.) II, 4, 28 ΙΙΙ, 2, 36, 9, 55 lV, 1, 29, 2,
1,10,48 Ι11,14,62,15,36 geli· 36,8, 70,9, 103
11551, 9, 52 ,151151 Ι, 5, 63
,51511, 2, 92 IV, 7, 8 Gorgonei (,) lv, 8, 70
geminent I, 2, 15 ,5151551111ΙΙΙ,4,99 Gracchus IV, 16, 31
geminus gemino IV, 16, 12 gerni· ,155115 Ι,4,52 ,1551111,5,52,10,
555117, 12, 7 ,5151115512 2 ΙΙΙ, 21 (abl.) gracili (d) II, 5, 26
2,72 ,151155111,7,23 ,15115ΙΙ,8,34,
gemma 11, 9, 69 gemmae (g) 11, 10, 36 IV, 7, 33 ,1511115(555.)111,
10,7 ,5111515111,4,103 2,50
,5111511ΙΙΙ, 3, 10 Graecinus 1, 6, 53 Graecina Ι, 6, 3.

= genas ΙΙ, 3, 90 ,51115 ΙΙ,3, 84,8,66 27. 47 11, 6, 35 1v, 9,1.59. 7595

,5551 IV, 16, 8 generum IV, 8, 12 Graecinum 11, 6, l
genetiuu (555.) 111, 2, 107 Graium II, 2, 25 (11515111, 2, 73

 

