162 1116611.

‘ 4
661666 Ι, 7, 36. 67, 9, 13 ΙΙ,1,18, 6616111, 7, 16 duram IV, 3. 44
2,99,3,73,6, 16, 8, 66 ΙΙΙ, 1, 661111611, 6, 29 6111611,9,9 ΙΙΙ,
136, 2,108, 3, 81107 ΙΙ, 6, 9, 1,9 ΙΙ, 12, 31 duri ΙΙ, 8, 44 dura
9,]6,16, 16 66166611) Ι,7,68 Ἰ,2,80 IV, 12,37 661161Ι,4,4
11, 2, 1. 72 ΙΙ, 6, 20,9, 109 661116 66166 1,5, 12 661111,8,6 111. 8,9
Ι, 2, 136, 8, 33 66616111, 2,104 ΙΙ, 9, 88 661161, 4, 11 ΙΙ, 7, 63
ΙΙΙ, 1, 76 6616111111,4, 43 ΙΙ,,4 ΙΙΙ, 1,166
41 66166 ΙΙ 4, 742, 9, 64 106 6111113, 78 ΙΙΙ, 1, 92. 110 ΙΙ, 12,
66166661 .)ΙΙ, 8, 33 661666 ΙΙ, 23 66616 ΙΙ l, 22, 2, 90 ΙΙΙ,3,
13,26 88, 4, 36 (111661 3, 76, 10, 21. 22
(16666 ΙΙ, 7, 27 III, 3, 30,4, 64. 94 ΙΙ, 9, 76 duci
donas 111, 8,4 (1611616111,7,61 ΙΙ,2,’26 6116666166.) ΙΙ,1,43
dona (666.) ΙΙ, 1, 30 ΙΙΙ, 3, 48, 8, 2 ΙΙ, 8, 63 (1666111 ΙΙΙ, 3, 32, 4, 39
ΙΙ, 6, 46 Dyrapses lv, 10, 53
dotibus (abl.) ΙΙ, 7, 48
11166111,2,70 Β166611111,8,47 Ε
6611116 ΙΙ, 7,6 ΙΙ, 10, 71 dubitus
I, 1, 29 ΙΙ, 2, 6 6116116111, 2, 36 61, 1, 28, 3, 19. 43, 9, 38 ΙΙ, 6, 22,
dubitem 1, 8, 69 ΙΙΙ, 3, 96, 9, 19 8, 66 ΙΙΙ, 1, 163, 2,4. 13, 3, 12, 6,
dubites 111, 2, 62 dubitans IV, 13 ΙΙ, 9, 74, 12, 12 6111, 3, 38.
16, 27 dubitande ΙΙ, 4, 2 86⁰3 5, 66. 69, 6, 28 11, 3, 33 111,
dubius III, 4, 8 66616 I, 3, 33 ΙΙΙ, 4, 29, 6, 18, 6, 8. 30 ΙΙ, 4, 36, 6,
4, 87 6611161111, 3, 72 ΙΙΙ, 1, 18 1, 7, 16, 8. 67. 72, 10, 77, 14,6
ΙΙ, 7, 23 ‘dubiae ΙΙ, 6, 62 dubio ebur ΙΙΙ, 3, 98 ΙΙ, 6, 20
ΙΙ, 3, 32, 10, 10 61111161Ι, 6, 22 eburnea 111, 4, 106
dubios IV, 13,1 dubiis III,4,37 eburna IV, 1. 31 eburno 111, 4, 36
dubie ΙΙ, 3, 87 bis 6666 ΙΙ, 4, 7·
(1661611, 3, 66 ΙΙ,8,14 ducit 1, 3, ecquando ΙΙΙ, 3, 63
36, 6, 40,8, 68 66661111,6,43,666616Ι,1,37,7,6 eequidI,3,l
8, 64 ducat I, 3, 20 ΙΙ, 7,9 66- ΙΙ, 9, 76, 10,1 111,6,38 ecquod
6616 ΙΙΙ, 1, 67 duxi I, 2, ’131 ΙΙ,4,3 ΙΙΙ, 1,3 ecquod ΙΙ, 10,3
duxit IV 16, 18 (1661161111, 2,,24 ecquosIV, 10, 3
10, 1 ducuntur 111 2, 71 61166- edax IV 10, 7 “’
11111, 3, 16 6116166111, 7, 16 du· 6616161666111, 7, 4
666611, 6, 7 6116661611, 1, 69
6616661661, 2, 117, 3, 36, ΙΙΙ,6, 13 6666611, 3, 61, 10,9
661616 ΙΙΙ,6, 17 ΙΙ, 10, 63 611166 effectus (661.) ΙΙ, 16,36
ΙΙ, 1,3,4, 16, 7, 69 18, 9, 22 61661111, 3, 63, 9, 36 616,66Ι 3,
66161 ((1111)ΙΙ 7, 73 661666 (aee) 46 III„3 631'V, 12, 41 6166161116
1,3,61 661666(1166.)Ι,8,31 dul· 11, 10, 32 61661661Ι,,2 24 616-
6111116(11111.,)1Ι 9,13 61161 ΙΙ 12, 2 6116611116(6666)ΙΙ,
61111111,,,4104211,,,,326626 6,86
61, 10, 15. 27 ΙΙΙ, l, 70. 141,2, 6166161611 8, 60
76 bis 76 89· 3, 3. 36. 47 bis 87 effugit IV 7, 39 effugiuniIlI, 2, 32
bis. 88. 89. 91, 4, 69. 90, 6, 16 ΙΙ, effug1am (66111)ΙΙ 8,84
3, 6.,68 9, 17. 30, 10, 69, 11, 16 egeo eget IV 8, 66 egebimusI,
1116181116 1410 10,41 6161666112, 142
6616616661, Ι, 14 ΙΙΙ, 7, 39 egoi, l, 46. 61, 2, 33. 34. 46. 129.
(16611, 2, 18, 3, 30 ΙΙΙ, 2, 67 ΙΙ, 10, 131. 136, 3, 7,4, 49, 6, 32. 41. 61,
10, 12, 34 6666 ΙΙ, 6,.26, 13, 31 6, 11, 7, 16. 46, 8, 46. 61. 63; 9,

1ωΝΛμ6661ωη 6666166666 ’

mu uuuffiumuffiumu
mmmumwuumum mumdumffiuum,
66 “ 6666666666

duro duret 11, 6, 36 ΙΙ, 8, 7, 10, 38 3, 36 66, 4, 31. 37. 67. 70. 80, 6,

6616166 ΙΙ, 9, 86 33. 67, 6, 9. 46, 7, 29, 9, 7 ΙΙ, 1.
⁴ 661661, 2,8 (1111111, 10, 39 ΙΙ, 16, 9. 36, 3, 11131616, 17, 4,16.
36 6611116 Ι,6,18’116111,1,80 43,6,29,6,11,41,8, 29,9,6.9.

 

