212

79 55115511, 3, 43, 10, 33 IV, 7,

INDEX.

15, 8,33 5551, 2, 147, 557 515

1,10, 59 1151115 (55111 .), 39 ΙΙ, ΙΙ, 8, 69. 703 ΙΙΙ, 1, 3, 2 ,35. 373
3,21111,,62917,2,,,171033 4607017528301035 55
551151,,142;,825,61111,51.57 5151249827 11249 798

IV, ’‚';127 5, 11, 8,,987 9,1515,
5511155516, 33 ΙΙΙ, 4, 77
unguental, 9, 53 “
unguere 1, 9, 47
ungula Ι,2, 110 lV, 8, 80
551555 11, 9, 53 unica IV, 3, 16
unquam 111 ,11, 7, 31 IV, 6, 43,

8, 25, 10, 21

67111244467527799
61 17, 14, 26. 47. 52

uotum LV, 8, 89, 13, 47 5511 I, 8, 72
11, 8, 14 551517, 9, 54 uotum I,

Qfflwmmfflmwma

= 55555555555

83,3,84 Ι7,6,7,9,72 55151.
6,38 11, 5, 6.13,8, 28;9, 29,10,

4017,4,30,9,72,12,50
Ι 55115Π, 3, 81 ΙΙΙ, 5, 23, 6, 5, 9, 34. 5555151, 6, 50 5515155111, 4, 89

44115512411866111942555121159251129363

17, 14, 58 55515111, 2, 87, 9, 5
11515511, 3, 11 ΙΙΙ, 2, 9515 55515
1,6,17 1155151111, 83 5551,
7,2511,9,81155(555.,)111,8
11555 ΙΙ 11, 9. 11 17, 8,6 uocasIV,
3, 24 uocat Ι7,8, 12, 14, 42 5ο
55151, 5, 20 17, 12, 10 1155511,

ΙΙΙ,4,93,,522;9,,42174,37
555151, 5, 32 ΙΙ,1,2,9 5, 52 ΙΙΙ,
1,158 555117, 7, 5 555511, 6,
117111,1,120.154 17,,3426
10, 8, 22 55555111, 9, 5 17, 9, 53
uocibus (d) 11. 2, 38 55555 (a'cc.)
ΙΙ,2,112

10, 16 5555555117, 8, 69 5555115 urbs Ι, 8, 11 IV, 7, ·24 1115151333,

17,13,2 55511111, 3, 31 11, 2, 17
55555115 (551) Ι, 6, 25 uocata 1.

5, 12 55551117, 4, 353 5, 21
· (erunt)
7515555111, 2, 105
551517, 5, 30 uis Ι, 3, 31 111,1,79,
6,5617,,39.115111111,71

39 III, 2, 82 17, 5, 22,9, 36 51-
bem III, 3, 893 5, 49 17, 5, 7, 10,
21 5155 Ι, 1, 22, 3, 38. 70, 4, 47,
5, 73. 84 II, 2,838, 12, 10, 50 ΙΙΙ,
2, 79. 101, 4, 2 IV, 3. 39,.8, 86, 9,·
123 51555 (5.) 17, 8, 33 urbes
(555.,)ΙΙ 10, 21

5511151, 1,19 5511511, 2, 34, 8, 51515111, 6, 42 ur0r1,10,5
52.731Ι,2,,581111,9111,3,,2 5155Ι,5,74

12, 45 1151151, 2, 6, 6, 24 ΙΙΙ, 3, usquam IV 15, 1

108, 6, 33 lV.8, 19 55111111, 3, usqueI, 7, 2, 9, 20 ΙΙ, 9, 2 111,1,30

64, 6, 38 5511511, 7, 8 11511511

Ι7,,22,,818

1, 8, 9, 24· 10, 20 111, 1, 35 37 IV, usus1, 5, 7 55515111, 6,47 55511,

8 6 9 99 55115511, 4, 42, 9,12
1V,1,11 55115511, 3, 57 111, 1,

108 IV, 3, 6 1151151111, 7, 38 110· ut(compar.‚)l 1, 9. 69. 70, 71. 72, ·

155111, 1, 34 551551 ΙΙΙ 1, 64
11511111 ΙΙΙ 5, 28 IV, 6, 3 11515515
Ι, 5, 70 5515511111, 1,111 17,
155555
5515511151, 3, 93 II, 5, 31 ΙΙΙ,“2,17,
1151115115 17 10, 49
uoluptasl, 2, 51, 8, 39, 10, 33 11, 7,
3.,73939111,5,2517,229,
55515111, 7, 43 IV, 10, 6 uomere
551511 11, 1111, 14 55155117, 10, 28
555 Ι, 1, 19, 2, 3133, 4535,8538,31·
103940 ΙΙ 7, 79· 8, 68111,2,
79, 4,2317, 5, 33 14, 30 551111
17, 6, 43 5551151517, 6, 49 55-
515111,,,,,533645 7, 31,.V59

ῗό7ἒ7,4,3 ΙΙΙ,6,53 17,3, 15,

2,5691..109128,,..,,3510194
11· 5, 5. 6, 13,6, 25, 7,15. 61 ΙΙ,
3, 21, 48. 52, 5‚693 6,53 7, 393 8,
12. 153 9, 55. 573 10, 12, 44 111, l,
63.103,3, 16. 71. 102, 4, 49100,
5, 3. 23. 43,9, 29 IV, 1, 29. 31, 33,
34· 2, 15, 17, 4, 38, 5, 11, 6, 47, 7,
9, 8,75,9,128 51 (15555511,
6.1,8, 27,9,6 11, 3, 27. 65,5,27
17, 4, 19, 7, 43 51 (5. 555111551.)
Ι, 1, 37, 56. 63,2, 3. 15. 37. 99. 103
515. 123. 145. 150, 3, 12. 13. 17. 26,
46. 78. 83. 933 5, 2. 57, 6, 31. 33,
LHQQQQQQQQ
44310, 18 11, 1, 7.9;2, 24. 51. 60.
108,3,59.77.8198,4,,517,,5
367361077783933
66. 76. 80, 11, 3 ΙΙΙ, 1, 35. 38, 41.
45. 47. 75. 84. 8..5 88. 99. 97. 983

 

