204

III, 3, 83 summum IV, 1, 15, 3,32
1111111111, 10, 14 1111111177,
24, 9, 59. 65 1111111111. 11.) Ι,
9,1’2 II, 5, 74

sumit 17, 10, 42 suma I, 1, 30 su·
11111Π,1,53’ 1111111111,2,116,
5, 28, 9, 56 ΙΙΙ, 5, 20 sumpturum
ΙΙ, 1, 30 sumpsissem ΙΙΙ, 4, 31
sumpta Ι, 3, 28 sumptae (d) IV,
2, 27 sumenda 111 1, 95

1111111, 2, 77 ΙΙΙ, 3,17, 4,104

,111111(1411,)17, 7, 35

“ superbus IV 9, 15 superba 11 9, 54

1111111, 1, 77 superoruml, 1, 43
17131311 3² ,11111 1⁵1⁶,
2,121;‚’'„‚‚;5541115551v83
12, 39 11111111 (abl)II 9, 18 lV

INDEX.

ΙΙΙ, 2, 24 110 (abl.) I, 5, 84, 10,
aa 11,1,10111,1,14.11,1,11.
78, 4, 64, 5, 4, 8, 14, 9, 22. 48 IV,
2,44 1111,2,141 ΙΙ, 1,40, 3,
11, 0, 44 111,1,111,4,110 lv,
16, 20 sua (n. pl.) Ι , 1, 56 110-
111111,5,3511,7,51 1111 (4111,
2, 120 ll, 1, 60,8, 4, 9, 36, 10,26
17, 4, 26 111111, 2, 69, 3,17 ΙΙΙ,
2,106 IV, 5, 17 11111, 2, 36.
138,3,40,,751,9,;20 10,411,
2,,1184,4 ’,’,’,,ΙΙΙ234624Ι7,
4, 36, 8, 58, 10 60 1111(11. 11. 111.)
15263911110267546
ΙΙΙ,2 2,”,,72465,Ῐ,,,,,72898Ι75
39 1111(161)Ι2, 139, 8,34,9,
29 ΙΙ, 9, 601 ΙΙΙ, 5,14,(152, '1,6
Ι7,4,32,,,834 13,14

6111111, 5, 79

1111111111, 2, 56 11111151113, 14 111116117,12,9.12
1117112117 27111768, Ρ(177117, 5561 6711148171141339

1111111110111, 7, 6
11111111 ΙΙ 8, 44, 9, 5 1111111117,
6,10, 8, 22 suppl’icibus ((1)ΙΙ, 9,

T.

, 22 111, 3, 107 17, 6, 32 1111111·11611111((1)Ι7,2, 27 tabella ΙΙ

citer, 16, 44

9,69’

11110111111 ,3,39 1111011111111, 1111111126 ,,
⁶³ ·· 1 mausum, .. ·
s 1 s

posito III, 8, 12
supprimat I, 8, 69 supprime ΙΙ,8, 24
1111111111, 3, 18
11111111131163
supremum (111 n.),I 7, 29 ΙΙ, 3, 4

11111117, 2,3 11111111(11)Ι7,2,
42 1111111111, 7, 55 1111110111,
1ὸ4ἒ4 11111117, 9121 11111117,

11141111 6,32 1114111118,28 111-11111111111111117,13

das II, 9, 25

Ι7,9,53

surripiam IV 2, 40

sus 111111 9, 30

1111111117, 9, 60 11111111, 2, 67
ΙΙ, 2, 41 11111111 (est) IV 6, 33

111ἓ1151ἑ11 II& 1111114) ΙΙΙ,,1 155, 4, 54,

1111111111,5, 18 ΙΙ, 8, 20 ΙΙΙ, 4, 58
sustineas II 7, 77 111, 1, 68 11111-
1111111 17 7, 42

taedae (d) III 2.55'
- surgit II, 5, 49 IV, 9, 112 surgat taedia 1, 9, 31 III, 7, 3 IV, 15, 30
11111111, 3, 41. 42, 6, 15 17, 7, 41,

9,117 11111( g)1‚1 2,110 talem
1449 taleI, 1, 41 ΙΙ,.. ‘² ,54 tali
IJ',„’144111431; 6391119111
11111111, 2, 162 tales (111)]11
2, 38 111111,5, 11 11111Ι,1,55
115611124234371017
5, ’,10 14, 1’5 1111111(1)’111,1,119’
talibus (ablu 3, 46 1113, ’2,217

111111, 16 3,2 111Ι,,7 48 ΙΙ,,2-111111, 2,101, 127, 3,45. 84 113

116, 8, 26 Ι,ΙΙ 9, 51 IV, 14, 31'
1111,2,,,·,,150336744Π122.
33,,560,10,,,31111142,,611
Ι7’4,’,468,,25133216171111

96,5,;139,33.45 111, 1, 37 4
31.85,5,16, 7,.,112 Ι7,,,637.
8, 41(11111-111111), 13, 15(1.-
quam) 42; 14, 43 (t.— quam) 48.

ΙΙ,’,’,8201112’,,”,,,82626Ι712 591519
16, 25 1101,2, 134, 10,1111'‚,1 11111111,1, 9..2642,2, 62.114,3,

24, 4, 3, 6, 1, 9, 36 IV, 14, 34. 46
suaaII,9‚ 34 11111111,2,50, 6,
24 IV,8, 38 11111111,7, 12 111,
1,156 17, 10,46, 16, 15 suum

11. 33. 38, 43. 48. 87. 93, 5, 13. 17,
6, 46, 7, 6. 23. 34. 39. 57, 8, 30, 9,
11. 25, 10, 13. 32 ΙΙ, 1, 8, 2,24.
53. 93111. 117. 123, 3, 65. 87,”4,

 

