1111111. ι 211

1111111100 uindicat IV 1, 33 uindicet (6111.)ΙΙ,2, 117, 7, 49 111‚3,37
I, 3, 56 1111110(11111)Ι7 12,15, 13, 14 “
.1111111101017, 6, 33 uindictae (g)11 11110111 7,12 ΙΙΙ, 2,13 1111111οΙ,. ⁰,
8, 24 45, 6, 51 1111010111 116 10
111111111117 2, 41 1111101, 5, 45 uina uitiosa (n n.,)IV 13,17

(aee.)1’11,1‚ 162 17, 2, 9, 7, 8 1111111111 3, 51 1111110 (abl) lIl, 2, 75
uiolentus IV 6, 35 1111101117, 8, 47
111011111101,1,51 uiolatus 111 5, 45 111111111, 1, 49 111, 2, 34 17, 5, 31
1110111101 ΙΙ 2, 27 1101511012, 37· 8,5 1111116118,
mpera 1113, 102 47 1111110117, 3, 17 11111011, 1, 42,
111,)01001,2,16 IV, 7, 36 6, 31 1111100111, 8, 42 11111οΙ, 9,
111111, 8, 23. 45 111} 2, 109 17, 9,96, 24 11110101,7,10,9,8 111, 475,
10, 76 111111, 2, 87 118. 150 111, 6,17 luxistis 1114, 69 uixerunl
1, 66 111101,1,34 ΙΙ,9, 12 17, 11,6, 25 111110111111111(0111)1111, 5
3‚43, 5, 2 1111111111,3, 65 17, 8, uiuumsl 9, 49 11111117, 8, 65 111110
12, 11173 11110111, 1, 102 17:23 (1111, 3, 42 uiuis (d) IV 16, 4
48· 13, 30 111101111111, 3, 61 11, 3, 1111100111, 4, 73
47 11111011, 1, 3017,’8,’,44 ·10,5·2 111111 2 12. 16, 4,28; 5, 10 75 8
111100111, 1, 39; 3, 56, 4, 101, 6,42 12, 10 25. 38 ΙΙ, 1, 2,24, 3 30
177301448111110111386 5172472042814914
30 111, 5, 24 ΙΙΙ, 1,142. 154, 4,19, 46. 47, 6,

1111011114, 90 11110011, 3, 52 46, 8, 6, 9, 31. 39 17, 1, 14, 2, 27 ,

uirgineusl, 8, 38 uirgineo (abl.) bis'; 9, 27. 40. 50, 4, 42, 6, 30, 9,
ΙΙΙ, 2, 58 16, 10, 35. 62. 80, ll, 1;1,2 43 51 ,
uirgo 111 2, 81 uirgine ΙΙ 2, 78 15, 25
1111111117, 12, 29 Vlixes ΙΙΙ, 1, 53 Ι7,10,,9 Vlixis
1111111Π, 1,17 III,6, 19 7111101117,16, 13 Vlixe
·1111111011, 2, 109, 3, 36 III, 1, 94, 4, IV, 14, 35
111 17, 2, 35, 7, 18. 51, 8, 47. 63 11111101,1,28,10,5111,6,2317,4,3
uirtutis 11, 8, 31 11111111111,1, 54 ulla ΙΙ, 7, 64, 8, 14 111, 1, 7. 86
1111111101, 8, 17 III, 1, 115 IV, 3, IV, 5, 10, 8, 44, 9, 16. 109 ulli I,
79, 13, 27 11111111011111, 3, 12 1111- 1, 59, 3, 2 111, 9, 39 17, 6, 27, 10,
1111111110(11)Π1,1,63 uirtutibus 80 1111111111,2,33 11110111,8,5
(abl.) II, 3, 1, 8, 23 17, 8, 85, 15, 39 111111, 7, 18 ulla
uisuimlv, 10, 46 1111001, 4, 3;5, (11 n.) Il, 2, 14 11110017, 2,31
51 III, 4,;79 9,18 1713,'11 uires 11111111 l, 7 lII,7, 18 ullis 1, 2,
(000.,)Ι2,36, 3,,11 7 37 51 9 92 11,1119
29;10,4. 33 II, 2, 66. 118, 5, 69, 1110111111, 8, 13
7.'l6 411, 3, 34, 6, 24 Ι7,1’,0 42.111111111,2,57111, 6,5617,11,6
60 uiribi1s111,4‚ 13; 5, 14 IV, 1111011001,2,63 ultimus I, 9, 72,
15, 12 5,1 ΙΙ,7,66 1111111151,3,82 Il,
uirus (acc.) IV, 6, 34 3. 83, 7, 66, 8, 11 111, 1, 70, 4, 58
uisenda 11,1,21 lv,1, 35, 13, 34 ultima (11. 11,)
1111111, 7, 10,1,75 11,1,64,2, 104, IV, 14,5
7, 49 17, 16, 49 11111101, 2,144, 8, 11110111, 8, 49 ·
29, 9, 12. 2131 11, 3,4, 5, 74 ΙΙΙ, 1111111111,2,112 11,2,96,7, 14 llI,
2,29 17,1,2,10,20,15,5 uitae 5,3 1111111151, 8, 65
IV, 1. 26, 5, 37 1111111111, 2, 90. 7111111101, 8, 67
105, 7, 47 Il, 1, 45; 3, 42 17, 3, umbrosa 175 41
38, 5, 31, 15, 3 1111511, 2, 60, 1111101111111, 4,101 111110111(111)1,)11,
1111151111 17 14, 31 umidaI„9 2 IV, 4, 1
Vitellius IV, 7, 97 11111011Π, 3, 97
111110 uitiatum l, 10, 3 uitiata 1, 1, unz} IV, 16, 27
69 17, 2, 19 unca (aec.) Il, 7, 10
0111510111, 8, 13 unda l, 1, 70, 10, 35 lI, 2, 92, 7, 60,
uitium I, 5, 6 111, 3, 101, 9, 5 111111 3, 10 17, 10, 63 undam 1, 3, 75
11, 3, 22 uilio (11) IV, 15, 32 111110 1111115 ΙΙΙ, 5, 17, 7, 27 17, 7, 27, 8,

14*

 

