164 15555.

112,124.126.132.167,3,7.9..36 exaratIII,9,90

6163 65 80 4, 3 7 12032155551111195

59 53, 5, 7. 20. 222629. 3036. 5555555117 2, 17

37. 40. 42. 50. 60, 7, 14, 29. 30 39. 5555151111, 2, 82

46. 69,8,11. 1416. 23. 30. 38. 48. 5551111117, 4, 22 excideritll, 10, 8
55. 60. 61. 70. 72, 9, 8. 29 51. 52 exciderell, 4, 24

53. 56,10, 6. 8. 11 14. 35 ΙΙ, 1, 16. 555155ΙΠ, 1, 96

39 51546, 2, 6. 16. 23. 26. 47. 50. excipitIV,10,l5 excipe Ι, 1,4 ΙΙ,
9093. 91100110114. 115118. 9,9 excipiet IV, 4, 35 excepit
122, 3, 10. 14. 15. 17. 99. 34. 46. ΙΙ,3,84 exceptaIV,14,47 ex·
48. 53. 57. 68. 71. 91, 4, 8. 14. 34, ceptoI,7,6 111,1,198 17,14,3
5, 20 515. 99. 38. 57. 60, 66. 72, 6, exceptis 1, 2, 134 ΙΙ, 2, 102 IV,
4. 6. 15. 93. 24. 31. 36ς7, 4. 12. 22. 14,54

27. 37. 46. 49. 67, 8,9. 10. 30. 35. 5551151Ι7,2,35

37. 49. 54. 62. 6366. 68. 73, 9, 12. 55551511, 7, 59 exculte IV, 8,1
19. 20. 40. 45. 56, 10, 20, 25. 3141. excusabilis I, 7, 41 excusabile ΙΙΙ,
48. 49 515. 51,11,7. 21. 24 111,1, 9, 33 IV, 11,1

15. 90. 25. 27. 36. 40. 42. 50. 60. excuso excusat III, 2, 21 excuses
119.196. 134, 2, 29. 33 bis. 38. 44. ΙΙ, 2, 53 55555511 Π1, 6, 46

69. 81. 88. 103, 3, 5. 10. 19. 18. 26. excutias IV, 8, 17 excutiat lV, 14,
33. 4054. 67. 7084. 8193100, 25 excuteret 111, 4, 36 excusso
4, 23. 27. 48. 74. 76. 100. 103515. ΙΙ, 9, 57

168. 111, 5, 3. 16. 19. 25. 41. 46, exemplum IV 10, 9 exemplo ΙΙ, 3,
6, 14. 18. 22. 38, 7, 16. 99. 30, 8, 89 ΙΠ, 5, 31 exemplumII, 3,32
9941415204117114217 III, 1,441V, 7, 49 exemplal,
29, 2, 20, 22. 24. 36, 3, 27. 33515. 3 61

3648. 50. 52. 54, 56. 59, 4, 18.19. exeo 5511115, 56,8, 54 ΙΙΙ, 3,101 ’

54. 15511. 55. 45, 5, 55. 11. 51. 11, 12,13’ 15511111, 1, 1’30' 1v,
42, 6. 20. 36, 45, 7, 11. 12. 26, 8, 9, 74
6. 19. 14. 30. 38. 52. 54 515. 63, 9, exequias I, 9, 51
6. 7. 10. 1028. 39. 44. 46. 63. 65. exhausto I, 3, 14 ΠΙ, 4, 63
68. 73. 75. 89. 86. 102. 103. 125. 55515511 1, 3, 11 exhibuisse IV, 5,
131, 10,19. 39. 42. 44. 48. 4050. 34 exhibuisset III, 5, 22
51. 52. 54. 56, 12, 9. 14. 16. 33 515 exigis ΙΙΙ 1, 74, 5, 40 exigitII, 5,
35b1s. 36. 38, 13, 4. 13. 19· 91. 34. 6 ΙΠ, 1, 73 55551117, 9, 46
35 515 36, 14, 19. 18. 21. 27. 28. exignum 111 4, 5 5513115511, 40
33. 62, 15,13. 21. 29515. 38. 39. 42, enguum ΙΙΙ 3, l ex1guam119,
16, 3.5.710 19. 13. 24. 2130. 63 55155111, 78Ι7,,827 ex-
33 39 igueslll, 3, 33 17, 9, 199
5155151111 7,13 5511551, 10, 27
51155112, 96, 7, 51, 10, 18 ΙΙ, 3, 29, exilium’I, 1, 61, 2, 104 ΙΙ, 7, 63 111,
7,8.76 111', 1, 94. 169, 2, 35 99 138 3, 79, 7,34IV,4,59 551111
412851739714938 1⁹3,’';.'’,8435411 8,79111,‚393
10, 61 551115 ΠΙ 1, 10 5511551158, 966
5551115117, 6, 35 eueniet ΙΙ 1, 55 eximar 11 9,198
euentura (accllll 4, 113 5551517, 8, 22
euentus (g) II 9, 39 expediat Il 9 ,,54 3, 9
euincereIII, l, 31 5515511111, 9, 79 expello expuls1s18, 7
EumolpusII, 9,19 Ill, 3,41 Eumolpi experiarI, 8, 58 experieturl, 9, 30
II, 9,9 Eumolpo(abl.)II, 9, 20 expenens1117,19
Euripil, 8, 38 expers IV 8, 47 exp ertesI, 8, 5
5115111111, 2, 2 euxinum (555.) IV, exposuitIlI, Ι, 49 exposito IV 7, 28
3,51 eux’ino(abl)II, 5, 9 lV„6 5511111111, 2, 87
46 51151515 (551111 6, 2Ι,ΙΙ 2, 5515 (555)ΙΙ 9, 30
60, 6 ,2,7, 40 17,9, 2 euxinus extenuanda1,3,96
IV, 7,1 55151515 (551.) Il, 3, 36
exacuet 1, 10, 13 extimuere 111, 9, 18
exanguia 111, 3, 31 extincti ΙΠ, 1, 109 5511551551 Ι, 9,8

 

