INDEX.

IV, 12, 27 dignum IV, 8, 15 digni
I, 4, 55 digne III, 2, 109 digna
1‚2, 132, 5, 16 1101110111, 8, 33
dignas 17, 13, 11 dignis IV, 5, 22
dignior ΙΙΙ, 8,,3 IV, 13, 30

dilapsus (111) 111, 3, 93 dilapsis IV,
4, 21

diligitur II, 2, 23 dilexit IV, 14, 35
dilecto (abl.)1, 8, l dilectam Ι,
2,137

diluit Ι, 9, 53 diluitur IV, 10, 62

dira (11.1.) ΙΙ, 8, 47 17, 9, 84 1111
(n. pl.) ΙΙ, 9, 68 11101 III, 2, 102

discedens Ι, 4, 47 discedere IV,

discernere IV, 15, 25

discipulo (abl.) ΙΙΙ, 3, 46. 48

1110011101111 l, 5, 49, 8, 55 111101
ΙΙ, 1, 21 ΙΙΙ, 2, 40 didicisti ΙΙΙ,
3, 53 didicere I, 2, 85 ΙΙΙ,8, 10
didicisset Ι, 4, 42 1110111 II,6, 11
didicisse ΙΙ, 9, 47 ΙΙΙ, 3, 69

discrimen (100.) I, 8, 62

1111111112, 96 111111111, 5, 51
diserta (100)ΙΙΙ 5, 8

dispar ΙΙ 10, 30 disparibus 11 5, 1

dispositas ΙΙΙ 3, 16

111111111,6, 6

dissimilis Π, 11, 17

dissimulas IV, 3, 9 dissimules Ι,
6, 3 dissimulare 1, 2, 146 dissimu-
lata ΙΙΙ, 9, 40

11111111, 3, 44, 5, 65 ΙΙΙ, 2, 46, 5,
56 1111111, 2, 104 17, 8, 86 dis·
11111111, 5, 81

disturbata ΙΙΙ, 1, 1531

ditata (est) ΙΙ, 7, 62

11111, 2, 85. 99, 6, 12, 10, 14 ΙΙ, 8,
42,11, 27

161

8, 60 11, 3, 3268 ΙΙΙ, 3,1,7, 38,
8, 71 11111117,2,8, 9, 13 11-
111 ΙΙ, 11, 12 ΙΙΙ, 5, 32 1111117,
16, 34 daretis 17, 14, 51 darent
IV, 9, 36316, 31 (10111101,
37, 6, 13,7,7,8, 36 III, 9, 55 IV,
1,17,2,23,15,32 dateI‚1,47
dante 1, 9, 34 ΙΙ, 3, 88 11111117,
9, 68 10111, 1, 16 ll, 1,6;3, 72
IV, 6, 18 1111111 ΙΙ 5, 13 dedit
Ι568942Π15660260
736860950111150211
IV, 6, 28, 14, 58, 16, 9, 44 1111-
mu’sI', 5, 47, 7, 30 (1,110111 2,
105 111, 2, 8 1111111177, 46

1111111117,13,3211111101,1, “ “

34 ΙΙ, 1,30 ΙΙΙ, 3, 66 lV,4, 12
dedissem IV, 9, 33 1011111111,
8,7 deturI 8, 21, 74 ΙΙΙ, 15, 21
1111111113,9717,10,20 11-
bantur ΙΙΙ, 2, 91 darsturIlI, 9,
51 1151111111, 1, 67 11111, 2, 60
ΙΙ, 1, 8, 7, 20 danda 1114, 90
111110 11,8, 7 111111Ιῖ3, 83 17, 14,
52 (est) dati (g) 1, 3, 64 dati (1.) Ι,
2 136 IV, 9, 68 data (11. pl.) 11, 9,
59 Ι7, 2, 8, 8, 40 11111 ΙΙ, 2, 80
data (100.)11, 4, 10 11101 IV, 8,
60,13,48

, 1000111, 6, 6 100011, 1, 18 111, 8,

16 docemus ΙΙΙ, 3, 47 1001111 I,
1, 7 docere IV, 14, 32 10011117,
13, 25 10011111, 4, 37 10011111
ΙΙΙ,3,24 1001111,1,23, 11, 9, ’
58 10011 IV, 8, 77 doctae (g) I,
2, 117 ΙΙ,5, 52 docta 1, 3,18
10011 (n. pl.) ΙΙΙ, 9, 45 doctorum
IV, lh 12 100111 IV, 5, 1 doctis·
11111111, 5, 15

doctrinae (gl ΙΙ, 10, 16

diuersum (000,111.)1, 5, 67 diuer- dolesI,7,70 10111Ι,1,76,2,Ι22

,11, (acc. n.) ΙΙ, 10, 18 diuersa
n. I,6,1

1111111111,1,102 1111111117, 3, 39
1111110111114, 110

11111011, 9, 48 diuidimurI, 5, 73
diuma IV 3, 49 diuinam, 142
1111111111, 8, 7

1111111112,87

1011111, 9, 30 10111, 7, 70 10·
lenti I, 3, 85⁰ doluit 1, 3, 67 10-
luistisIV, 6, 49

101011, 1, 76,10, 5 II, 3, 63, 7, 39

III, Ι, 134, 3, 73 17, 7, 40, 1,1 18
1010111, 1, 61 1011111111, 6, 41
17, 11,''13 10101111, 10,101,7
10, 69 d,olores1 10, 23

1017, 9, 11'1 datI, 10, 2411, 5,.41 domesticus II 2, 47 lV, 3,15;10,

69 17, 8, 37, 10, 15 1111111119

41 1011111110117,14,19

43111,3,4117,’8,36;0,1131100011111(ς,,)191410441111

1111111, 7, 79 111111, 2, 83 ΙΙΙ,
4, 96 IV, 9, 104 1111111, 2, 90,
7, 52 111', 2, 91 11111111, 9, 31
Ι7,4,’,’,,4094731111’,’,164

7,15, 17 1011111101,2, 134 do·
m1num118, 26 domindle, 5,7
dominoI, 5, 84 Ill, 6, 41 domi-
11011,9,361,12,12

det’I, 10, 12 ΙΙ, 2,64Ι7,2,10,1011111517,16,19 1011111111(11.)17,

9,54 1111111, 1, 53 11111246,
noun, ovrn. 11 rouro.

10, (0
11

 

