155511. 149

6,35, IV, 10, 45, 11,21,14,45 adprobet Ι,5,62
5115151,8,56 ΙΙΙ,2,13 5111- Α115515151,3, 79
ditIV,8,63 511115 ΙΙ,1,43, 7, 5151155 ΙΙ, 7, 43 51511555ΙΙ,1,26
55 111,5,37 ΙΙΙ,4, 45 515115151, 8, 5. 51-
5115505115515ΙΙ,9,32 111,5,19 51155111,12,40
5155 (515)Ι11 2, 31, 4, 1. 5 5151151115 ΙΙ 2, 81
adeo 51555 IV 12, 6 adire 111, 1, adstat ΙΙ 5, 51
119.145 511111, 3, 74 51111 Ι11 1115115511 ΙΙΙ 1, 91, 7, 17 5155515
42,9 51555151,3, 12 5155511 ΙΙΙ, 3, 107 51555151, 2, 117, 5,
ΙΙΙ, 1,137 36 515551551, 3, 41 adsueta’sl,
adfectantes IV 8, 59 · 8,56 5155515Ι,3,41
51155155111,4,21 adsum 5155 ΙΙ,10,49 51551Ι,2,
adfata (551111, 2, 22 42, 3, 57, 5, 25, 8,18, 10, 5. 36
511515 adfert 11, 9, 63 5115111, 3, ΙΙ, 2, 65, 8, 72 ΙΙΙ, 1, 102, 4, 88
48,9,6 adferre 111,5,5 5115151 Ι11,16,40 51511Ι,7, 53 ΙΙ, 2,
Ι11,13,46 Ι,3, 21 5115111Ι,7,2 47 ΙΙΙ,1,159 515151 111,9,97
511515151 ΙΙ, 3, 86 511515111,5,17 adesse 11, 8, 9 IV, 3, 14, 9, 44
5111551517, 8, 14 51115111 IV, 8,3 51155 ΙΙΙ, 1, 70, 3, 2 aderit 111,
5111515 ΙΙΙ,6,17 4, 99 5115111, 9,15 ΙΙ, 3, 45
51115151511, 3, 5 adsumere 1, 5, 51
511555 ΙΙΙ, 2, 54 aduena 111, 2, 58
51111555111, 9, 29 5111551511, 8, 53
5115111511, 8, 56 51155151511, 1, 35 aduerso lV 6, 24, 10, 43 aduersa
5115515 IV, 12, 18 adiecti 111, ΙΙΙ, 1,130 51551555 ΙΙΙ 2 ,18 IV,
5111511Ι, 10, 33 51115511, 2, 106 adultera 1113, 58
5151511 Ι, 7,47 ademerat ΠΙ,6, 47 515115151117, 10, 59
515155151,2,14 ademptum IV, 6, 51155555 lV, 10,6 adunco I, 1,31)
49 51555151,9,41 Ι11,7,11
aditus (aec.) 111, 3, 91 adusque 11, 3, 4
adiumenta IV, 13, 31 Aeacides 11, 3, 41 Aeacide ΙΙ,4,22
adiunge I, 1, 21 ΙΙΙ,1, 83 aede 11, 2, 82 ΙΙΙ, 6, 26 IV, 9, 32
51155511, 1,31 11,7, 53 adiuta 55155Ι,8, 35
(551) IV, 13, 24 Aeetae III, 1, 120
adloquio (d) 111, 6,40 (5111) Ι, 6,18 aeger1,3,17.9011,‘3,43 ΙΙΙ,1, .
Admeti 111 ll, 106 60, 4,8 111, 11, 18 aegraI,5,18
5115115111, 3, 21 aegr11112, 13 aegraeI,6, 15
5111111155 111'6, 13 511511151, Ι, 29 AegidaeII, 6, 26
ΙΙ, 3, 47 5115151111, 14, 23 ad 1455155518, 13 ΙΙΙ, 7, 21. 53
51111511, 2, 33 5115155511 6, 38 Aegypt11111‚121
admonearelll, 5, 38 5151551155 ΙΙΙ aemula ΙΙΙ 1, 107
6,51 1555511151, 1, 35
5115551151, 2, 52, 3, 8 ΙΙ, 4,18, 11, Aeneael, 1, 33 1155551113,62
14 IV, 12, 26 Aeneades 111 4, 84
51551151111, 7, 36 admota IV 7, aenea IV 1, 31
43 51515151, 3, 90 51155155Ι,555515515515ΙΙ,2,90;5,44
3,16 51551151, 2, 56 aequo aequas 11, 3, 1 55155151,
51555515151, 9, 56 adnumerarer 8, 36
IV, 16, 4 aequandi1,2, 118
515551511, 8, 74 5155115 ΙΙ 8, 51 aeq 551Ι, 4, 35’111,1‚ l aequone 111
51555151ΙΙΙ,,5 26 6,29 aeq uorII, 7, 57 111, 10, 60
5151151515115115, 16 aequoreql, 4,17 ΙΙ, 7, 28. 81 ΙΙΙ,
5151511, 2, 51 5151511, 2, 107 ΙΙΙ, 1, 15 aequoraI, 3, 53 ΙΙ, 3, 27
1, 163 5151551515(551)Ι111,97 ΙΙΙ, 2, 63
adpellem IV 12, 10 515511551111, aequorei’I, 1, 70 aequoreae IV 10,
6, 6 5155115111112,20 51155114 aequoreo ΙΙ 7, 74 1v, 1, 30
155151515 IV, 16, 40 aequorea 11 10, 28 aequoreos II
adponeI, 10,0 5155551111 3, 30 10, 40 aequoreas III 1, 22

 

