154 16666.

Β66166 Ι, 1. 24 Βι·616 1, 1, 3 ΙΙΙ, 9, 661666 ΙΙ, 6, 38 17, 2, 36

l. 44 lv, 6, 1, 17. 22. 28, calcabas 17, 7. 47 calcata 11, 5, 38
bubulcus 17, 7, 10 caleo 66161 ΙΠ, 3, 90
Busiride ΙΙΙ, 6, 41 06166 IV, 10, 47

’ 66616Ι,2,150 666116((1)111,2, 31 66111161,5,79

buxi 1, 1, 45 Callimachi 17, 16, 32
caltha ΙΙ, 4, 28
O· Calydone 1, 3, 79
Calypso (666.) IV, 10, 13
6661111. 2, 62;6. 5. 36 11,3, 10 ca· 06666617,13,33
(16111, 9, 26 1112, 5883 cadeu— Camerinus IV, 16, 19
16611, 3, 83 caderet 17, 9, 30 0666661617, 15, 17
66161Ι,1,76 ΙΙ,7,78 cecidi Ι, campus I, 8, 65 66661 Ι,8,37 campi
7,49 66616666 Ι, 2,3 11,3,50 Ι,3,55 111,8. 15 campos 111, l,
casura II, 3. 59 23 campis 17,4,32
Cadmus Ι, 3, 77 Cadmi 17, 10, 55 candeo caudens 111, 3, 98
caduca 11,8,48 Ι7,8,46 caducis 6661116617,4,18;14,43 candida
11, 7,39 11,4,30 111,2,53; 5, 52 66611-
6666616 H, 7, 45 diora 11, 5, 38
= 6666617, 8, 16 666666 ΙΠ, 1, 126 candor 11, 5,5 ΠΙ, 2”, 21 candore
66661666661165661 ΙΙΙ,4, 13

· caedo 666666111,2,58 66666111, 66616 canem 11, 7, 11 66666 ΙΙ,2,36

4. 82 66606661611,10,1317,13,12 ca-
caeles 666111617,6,17;9, 132 cae- 6111,1,40 17, 16, 19 6666160.)
1111666 (d) IV, 9, 39 6661111666 IV, 12,19 666666117, 16, 35 ca·
(661.) ΙΙ,8,8 66611617,8,56 6661611, 2, 132
6661661611, 5, 53ς 8, 15 III, 2, 51 111, 9, 35 6661 17, 10, 76 cauenda
66616611 Ι, 2,74 ΙΙ, 1, 27 ΙΠ, 1, Ι,7, 30
118;5,53 17,11,3 6661661661, 666161Π, 3, 35 cantantes IV, 10,17
1, 55 caelestia ΙΙΙ, 6, 21 caelestia 66666 canis Ι, 4, 1
(666.) IV, 8, 59, 89 Capaneus 111, 1, 51
66616 caelata ΙΙΙ, 5, 20 Capella IV, 16, 36
66616611,7,11 6661111, 7,71 IV, capellas 1,8,51
9, 81 666161, 5, 73 17, 15, 39 66666 ῙΙ,9,31
caelum 11, 10, 23 ΠΙ, 5, 55 6661116111, 3, 15 6661111111, 3, 17
66666 IV, 3, 47 capio 666111, 5, 38 11, l, 23 6666661
caeruleus IV, 10,62 caeruleis 111, IV, 9, 16 666111, 8, 16 111, 3, 43
5,2 66666166617,16,22 caeru· cepimus IV, 2, 31 666661117,13,
166611,10.33 28 6661661617, 442 666116617,
0666661, 2, 71; 7, 22. 43; 8, 70 ΙΙ, l, 9, 37 66611, 1, 44; 2, 90 666166
7ς 5, 42ς 7, 67; 8, 1. 373 9, 33 ΙΙΙ, 3, IV, 3, 40 6661617, 13, 45 66616
62; 6, 25. 38 IV, 4, 34; 5, 25; 8, 23. IV, 8, 62 66611111, 4, 109 666166
63; 9, 128 Caesaris Ι, 2, 113. 139ς ΙΙΙ, 2, 73
4, 29; 9,28; 10, 2042 II, 2, 19. 91ς 066116Ιί111, 1,135 Capitolia IV, 9,5
3, 63; 5, 11; 7, 55; 8, 53; 9, 77 ΙΙΙ, 66611616 ΙΙ, 1, 43 captiuas 1, 2, 46
1, 1143 3, 833 6, 7; 7, 39ς 9, 27 IV, captatum 111, 1, 129 6661616 111,
9,106.125;13,38 0666666 Ι, 2, 4,19 ·
98. 99. 149; 4, 55; 8, 24 ΙΙ, 3, 98; 66661661, 8, 57
8, 1. 18. 37 1Π,1,128 17, 4, 39ς 666611, 2, 53; 4, 40; 9,14 ΙΙ, 1, 46.
5. 32; 13, 23. 37 Caesaribus (d) 663 7, 54, 8, 65 ΙΙΙ, 3, 68ς 4, 102
IV, 15,3 0666661666 Ι, 4, 55; 7, IV, 6, 466 9, 84; 13, 35
21 ΙΙ,2,106;6,18;8,417,9,49 carcereI,6, 37
66666661 II, 1, 1 caesareae 11, 1, 66611661Ι,10,45
17 666666661,1,27 caesareum 666661,8,27 ῙΙ,9, 79 66666111,
II, 2, 76 III, 3, 68 caesareos 11, 1, 2 666611, 1, 28; 10, 2 ΙΙ, 3,
8,13 35;7,49 6666611, 2, 27 111,9,
061661617,1,33 40 Ι7,8,20 caream II, 8, 67
calamos ΙΙΙ,3,21 6666616661,2,3617,14,10 ca·

 

