919

, 181881, 6, 54 1181888 ΙΙ, 1, 37
181181618111, l, 193

INDEX.

)Ι,1(),129. 57 1181811511891) ΙΙΙ,

1811811, 3, 85 11111, 2, 51 ΙΙΙ, 9, 1181111111, 3, 46
49 181111111,7,19 IV,11,91 1811 111188 I, 9, 61 ΙΙ,8, 13 ΙΙΙ, 5, 47ς9,

ΙΙ, 7, 23 111,”3, 4 18118 ((1) Ν,
1, 34 uerum IV, 6, 93 uerum 1.
4, 96 181811, 8, 10 ΙΙΙ, 4,106
11811 ΙΙΙ, 7, 24 uera (1.1.) 11, 2,
18,8, 75 ΙΙΙ,1,46 118118Ι,4, 56
1181881, 2,43 18111 ΙΙ,1,68; 3,
7,6, 7;8, 58 ΙΙΙ,1,79,9, 19 Ν,
2, 4 uerissima (11.1.) Ι, 10, 8
uerissima (888) Ν, 14, 29 1818
Ι, 5, 31 ΙΙΙ, 1, 34, 2,2 Ν, 13,2

11811111(11111)111 15, 31

Vestam IV 13, 29

98811118197,1.54

’ 188181 Ν 5, 29 18811111, 2, 66. 145,
385⁰ 11373 8, 64ΙΙΙ,2,36

uestri ΙΙΙ, 2, 27, 4, 38 18811181,

7, 68 ΙΙ, 2, 1.195 Ν,5,46- 188118
ΙΙ, 5, 71 18811111 ΙΙΙ,14,30 1881 ro
Ι, 7, 58 ΙΙΙ, 4, 13. 68. 71 1188115

Ι, 2, 136 ΙΙ, 2,8 ΙΙΙ, 2, 39 188111-
rum 1V, 8, 45 uestris Ι, 2, 149 ΙΙ,
9, 22 III‚4,5 1V,9‚1933 13,46
11881188 Ι, 2, 131, 10, 44 uestras
12 ,147;7, 48 II, 5, 33,9,3 ΙΙΙ,
4,4 1188111,ιΙΙ 8, 55 Ν, 6,18;9,
72, 14, 24

uestes (1188)ΙΙ 1, 31

18111111 ,9 74 ΙΙΙ, 6, 11 Ν,3,23,

’ 10, 73 11818111,1,12 18181119,
71 181111 (g) ΙΙΙ,3,57

11811181,8, 11 ΙΙ, 3, 74 Ν, 9, 92
181811 I, 6, 53 11, 6, 19 ueterem

713 Ν, 14,8 11111881,5, 13 ΙΙ,

111 111,1,11; 1818 lv, 1,1. .

8. 9, 9, 127 11118111, 2, 65. 82 IV,
9, 66. 105; 13, 40 1168111811, 8,
55 ΙΙΙ, 7, 25 1111181111,1 581,Ι
8, 68, ll, 26 Ν, 9, 99 1111811111
1, 48 uideasl, 4, 5 1111181111, 6,
33 uide 11, 2, 54 ΙΙΙ, 1, 45 ’1V,
12, 50 11118181, 2, 130, 3, 34 11,
4, 8 ΙΙΙ, 1, 125 1111811111 11,8,13
11118188 ΙΙΙ, 3, 27 uideret IV, 6, ·
95 uidebo IV, 4, 45 8111811111,
1, 58 IV, 9, 43 1111111, Ι,59,9,17
ΙΙ, 1,6 111, 3, 3. 79 uidit 1, 9, 29,
7, 43 11, 3. 83 1111111811, 10, 23.
31 ΙΙΙ, 4, 26, 6, 18 11118118111-
4, 23 1168111111, 4,19 uideris
1,9,9† uideritIV,1, 15 uideor
Ι,,,,2451148,,819ΙΙΙ6,46,
9, 31 Ν, 4, 27, 13,8 1111811111,
7, 69 Ν, 6, 31 111181111111,8,
23 IV, 3, 57 uidear ΙΙΙ, 5, 29
1111811181, 5, 4 1111181111, 3, 29 ΙΙΙ,
2,19 Ν, 3, 9 11181811,10,44
ΙΙΙ, 3, 65 (eram). 66 IV, 1,9 (sum)
11811 (881) II, 10, 35· III, 3, 18, 4,
48 IV, 4, 12 uisum (881) Ν, 9,
39 uisae 11, 4, 11 uisum 11, 7, 11
uisa (8111) ΙΙ, 8, 72 11888 Ι, 10,
25 uisa ΙΙΙ, 4,18 uidendum (188.)
ΙΙΙ, 1, 49 uidendi (g) IV, 5, 15
uidendi (n.) II, 2, 91

ΙΙ,4,33 1818111111,3,61 net-e 1181111822 1138111111, 2, 105

188 (888)Ι 3, 81 Ν, 14, 21
118118118111, 1,115 IV, 8, 49
uetusta IV 3,11 1181118111(1188,,11.5)
1811111212, 14, 37

uigilol, 10, 23 111111111244ς10,

23u1g1la101113,94 1111181181,

111811, 4, 3 lI,9, 70 11181811 111,

4, 31

uiaI, 1, 54 ΙΙ, 4, 20,16, 35 Ν, 8, 1111811, 8, 18 uile (aec.) IV, 13, 44

3349, 6 1111181, 9, 34111, 3, 27

111181 ΙΙΙ, 9, 46

IV, 5, 46 111181, 8, 44 11111116, 111111, 8, 70
12, 9, 62 11881, 4, 38 ΙΙ, 7, 18, 11181011181181, 6, 31 1118188111,

10, 32 ΙΙΙ, 3, 78 Ν, 4, 16, 5, 34 4, 104 111811(818.,)ΙΙΙ 1,15

mator IV 16, '34
uicem 11, 10, 51 ΙΙΙ, 2, 86, 5, 35

,1,,811ἑ18611 10, 35 uices (ace)

uicinia 41, 9, 79

uinco 1111811 ΙΙ 7, 75 11188111, 4,

38 Ν, 10, 23 1118111, 2, 123 uice
rit ΙΙ, 3, 52 uincere 111. 1, 41
1111811111 Ν 7, 53 11118111, 9, 45
1181,112,62,7,48ΙΙ,2,117111,

35 uicinum ΙΙ, 7, 65 111, 2,14 1118111111, 2, 20 11,1,44 IV. 8, 9

31811481, 3, 58 Ν, 9, 89 11811151,
5

,11ῃὲ111, ,2, 46 11118118 (1.1111) ΙΙΙ,

1181111111, 9,26 IV, 8, 42, 9, 30 84 1111118181, 7, 53 ΙΙΙ, 3,76, 6,49 Ν,

uictoer, 7, 26. 47, 8, 61 uictorem

8,69

 

