199 runnu.

principium 17, 2, 32 13, 15 5155155151, 1, 19 515111-
51151Ι,3, 72 ΙΙ, 6, 27,7, 49 ΠΙ, 4,. bentelII, 5, 5735, 18 IV, 5, 15
90 IV, 19, 8 51151117, 3, 23, 9, 5151511111, 4, 97 5151551115 ΙΙ 7, 57
57 511115Ι,, 1 75, 6, 51, 7, 26, 8, 5151551511, 3, 30
19 ΙΙ, 1, 32. 55, 3, 9. 49, 5, 45, 8, 51515511, 2, 79 5151511, 8, 45
12· 11, 7 ΙΙΙ, 1, 161, 3, 13,4, 100 promeruissel, 7, 62 promerito (051)
1711022653941645 ΙΙΙ,6,34
12, 3. 33 5115155(11)ΙΙΙ, 2, 45 prome 111 4, 101
p,19111⁵<11¹11’¹’⁸³ · 1311191119
prisea (n. Ι) ΙΙΙ, 1, 115 5151551551, 9, 22
priuatusI, l, 53 priuati ΙΙ, 1,18 5155511, 2, 43 ΙΙΙ, 5, 46 51551511,
priuatoL1,10 2, 128, 8, 73 propius IV, 7, 43
5151, 1, 45, 2, 65 70. 102. 115, 7, 1, 51551515111, 9, 3 IV, 9, 71, 10, 42
8,49, 9, 49 ΙΙ, 1, 17, 2, 45. 91, 3, 51551515Ι,2,150 5151111555111,
2095573752862926 6,,,53723Ι7,,,,.418919110
ΙΙΙ, 1, 40. 66. 84. 95, 3, 39, 4, 66. proximeII, 8, 37 5151111551, 2,
7281117539697418 144ΙΙ,,281;3,,,2473515111515
· 3.5 36. 90, 9, 49, 10, 15 (n. pl)1V,9, 104· 10,39 proxima
probator ΙΙ2, 102 (555.)Ι7,14, 14
probitas I, 9, 40 ΙΙ, 3, 34 probitate propenso (551.) ΙΙΙ, 4, 15
11, 11, 17 ΙΙΙ, 1, 94, 2, 39 properante ΙΙΙ, 5, 9 properatum 11,
51555511, 5, 20 515551 Ι, 2, 137 11, 11, 1 properata (11. pl.) ΙΙΙ, 4, 59
3,8,11, 18 ΙΙΙ,1,126,2,38 pro· propositi Ι, 6, 40 propositum (n.)

. 55511,6,18 515551Ι,8,24111, ΙΠ,9,52

9,8 probentI,1,56 III,9, 107 Ρ15551111517,9, 118

probate ΙΙΙ, 4, 112 probentur Ι, 5155115 (551.) I, 8, 14 IV, 7, 14, 13,
5, 57 5155515 Ι, 2, 140 probanda 13 proprium (555.) IV, 10, 64
(551) IV, 1, 6 51551155 ΙΙ, 2, 122 IV, 5, 38
51555(1.)Ι,2,140 ΙΙΙ,7, 12 pro· 515515117,14,15

bum (555. 111.)ΙΙ, 3, 14 proscindere IV, 16, 47
proceditis IV, 5, 3 51555515 (11. pl.) 17, 4, 38 prospera
procella ΙΙ, 7, 54 (555.)ΙΙ,1,56 51555511515111,7,30
5155115151,8,10 515551551511117,9,23 ’ ·
procul I, 3, 67. 84, 5, 73, 7, 7 ΙΙ, 8, prostat II, 3, 20

36, 10, 19. 97 III, 1, 9739, 44 IV, prosum 5150551 ΙΙ, 3, 15. 54, 6, 11
6, 18, 9, 123, 10, 44 ΙΙΙ, 3, 57 5155115117, 13, 41 pro-
prooubuit 1, 9, 14 procubuisse 11, 5111, 5, 79 ΙΙ, 8, 52 IV, 6, 19, 8,
2,120 71 5155111111, 9, 37) prodesse-
Ρ155111115Ι7,16,32 lII,1,91 proderitI,l,39 pro-
515555 ΙΙΙ, 1‚108 111111, 5, 28 Π,2, 25
prodent IV, 13, 11 protinus I, 8, 18, 9,2 ΙΙ, 1, 37, 3,
producatur IV, 12, 13 64, 5, 45 III, 2, 71, 9,12 17, 4,
515511511, 1, 39, 5, 19 ΙΙΙ, 4, 26 IV, 50, 5, 9, 13, 3

16, 23 prouenit IV 2, 12

5151551517, 10, 73 5151155511, 4, 58
5101551115 51515515 ΙΙΙ 5, 58· 9, 40 5150511511, 10, 15 prudentem IV,
5151551515 (ace.) ΙΙΙ, ’1,138 pro· 11, 11

1551115 (est )Ῑ 4, 27 prudentiaI, 3, 33. 91 IV, 19, 47
profugusI‚ 10, 1 profugi 11,.1, 58 pruinosiI,9‚54

III,5, 40 profugo 11, 9, 637 III, publicus 17, 14,55 51151155 Ι, 1,5,
3, 1 ,profugum IV, 19, 41 2, 41 ΙΙΙ, 3, 7 17, 9, 48.102; 13,
5151115151,9,53 5,14,16 5551155 (n. 51.) ΙΙ, 8, 67
progenies ΙΙ, 9, 1. 38 IV, 7, 29 pro,- pudotI,5‚15;8, 45 ΙΙΙ,7,2,8, 23
5331111319 55531141‘03112'15131’233’,31
prohibes IV, 1, 3 515111551111, 6, 12 05110511, 2, 104 17, 3, 48
5151115551Ι,,5, 51 prohibebat 17, pudicitiae (g) 111, 1, 115

 

