11111111 207 ’

21, 5, 17 IV, 9 ,1128( .) totam 111 3, Prorca (n p1.,)11 10,14
89 totoL 6, 28, 8,6;3 948112 tropae3III4, 104 tropaeorum 11
1137311131111393817 1,41
’4. 41.8, 72, 9,126 1011111817 111111111101 ΙΙ 7, 31
IV, 3, 54 1ο11(11. n.) 11, 6, 28 1111991161.) IV, 10, 25 11111111 (11.
toxica IV 7, 11 p1.,)111 4104
11161Ι,3,76 11111,7,12 trucem IV 6, 32
tractantumIII', 3, 20† 1111911111,1111,2,101;3,43; 6, 48, 7, 17. 22,
6,22 82992432491037111,
tractu (abl)11 9, 53 = 25, 2, 97, 3, 31. 47, 4,15,5,19.
tradit 11, 10, 15 tradidit 11, 9, 8 4311111. 47. 57. 63, 6, 29. 37, 8, 43,
tradita 1, 2, 101 ’ 9, 37, 10, 9, 13 III, 1, 9. 10. 11,12,
tragicis IV, 16, 29 15. 65. 68. 1442, 2, 6, 108, 3, 29.
trahis IV, l,5 trahat ΙΙΙ, 2, 14 59. 75. 82, 6,39. 59; 8,24 IV, 2,
“ 11111117, 8, 62 trahar (soni) I, 5, 4733, 57;6,3;8, 13. 21;9,62. 63.
50 traherer 1111, 26 11311111, 91. 127.129.133,10,3.21.51,71,
3,11 1191111111. 3911491111,
tranqurlh (g) IV, 10, 74 tranquillas 16, 28 tui 11, 2, 106, 11,4 17, 1,
ΙΙ, 7, 8 18, 9,’12,15, 14 111111,1,2.12,
1111111117, 6, 6, 15, 40 1111111911, 2, 9117119, 3,1,5,79,6,2.7,
6, 9 1111111191111117,Ι 5, 6 7, 1.25.31,8,1.11. 2363, 9,24.
transiluisse Ι, 5, 76 t'ransilienda 1, 26. 45. 51, 10, 1 ΙΙ, 1, 19. 53. 62,
2,144 2, 4. 5. 40. 47. 98,3, 65. 72. 7485.
1199111112, 3 98, 4, 29,5,7. 35,6,19, 7,4.23.
tremitI, 4, 30 11919119111 1, 154 2933, 8,27. 29. 31. 45. 47. 49, 9,
trep1d331111,119 trepi33ntibtls 4.7.19.43.55;19,2.5.8.10.43;
ΙΙ, 2, 33 11,1.12. 1726 ΙΙΙ,1, 13. 17. 41.
trepido (abl .) 111, 3, 12 trepidisl, 2, 43. 48. 7895 99 101. 104. 111 137.
116 ΙΙ,2,48 145.155.165,2,1.103, 3, 3. 27.
tres ΙΙ, 3, 30 1115111111) 111, 56 tri· 2847. 62. 99. 104, 4, 1. 96,5,1..5
bus (abl.) ΙΙ, 8,8 17, 3, 26 8, 6,12.55; 7,14;8,1.19,9, 19

“ TresminIV,9,79 IV, 1,2, 2, 7,48, 3, 4. 14. 18. 57,

tribuas II,8, 16 . 4, 15. 17. 29. 34. 47,5 31, 6,1. 28.
Trinacris 11, 10, 22 Ι 33, 7, 14. 16. 17. 29, 8, 11. 23. 24.
Τ11111111111117, 16, 25 Trinacria IV, 31. 66. 74. 77, 9, 24. 17.19.59.
15, 15 69,10,58.79.83,11,12,12,19.
Trrptoiemo (d) IV 2, 10 26 31.49,13,3.44.48,14,1,15,
Trrsemen IV 16, 15 18 tsl, 2, 81. 129. 133, 4, 47. 49,
1111111ΙΙ,,,21156,,,,2873ΙΙΙ3,581614507759823.
14, 9, 35 1111191,1,16;6,24 65 11,1..51 57, 2, 20 22. 44 ,3,
II,2,115(acc.);7,16310,16 111, 22. 33. 49. 52 56. 69. 81. 100, 4,6.
7, 34 11111117, 15, 19 1111191(1.) 41, 5,46· 7,1.,35 10, 19 47· l,l
ΙΙ, 4, 5 tristia (n.) III, 1, 23 16. 20 ΙΙΙ, 1, 31. 39. 57. 82 90.
11111131ΙΙ,2, 66,8,15,9, 35 IV, 156, 347. 72, 5, 4;7 6,.6 1257,
3, 58 1111110111, 7,63 8,417,3,212328·,43,55,33,
1111111111 (g) Ι, 10,38 tristitiam 11 6, 21. 27, 7, 5. 35, 8, 4. 12.414 ,69,
1,10 926431037,11, 7,1,29.
7 4,15,19.
,3, 30· ,6,
53, 5
9,
7,

’ 111111111111 = 1911. 31’, r3‚'1 19, ,11
triumphantis (acc.) ΙῙ,8,40 1111111-41,16,41 111, 2, 6. 2619,,

phatos II, 2, 73 15, 7, 60, 9, 3411, 1,2 3.
triumphus III, 3, 86;4, 88 triumphi 83, 4, 9· 5, 4. 45, 8, 27, 63,
11,1,1. 19, 5,27 111,4,83 1111111- 10, 21. 2232 48 ΙΙΙ, 1, 30.
pho (d) III, 4, 3. 95 triumphum 48. 69; 4, 88, 5, 29. 50, 7, 21 IV,
ΙΙ, 1, 63 ΙΙΙ, 4, 17 triumpho (abl.) 9, 56. 132, 10, 75, l2,‘25
ΙΙΙ, 4, 53 IV, 3, 45 triumphos ΙΙ, tuba (abl.) 111, 4, 32
2, 89 tubicen III, 1, 91
Troiam 17, 7, 41, 16, 19 tuetur IV, 1, 28 tuearis III, 1, 46 ,
Troiani 11, 2, 25 tueare ΙΙΙ, l, 146, 4, 6 IV, 16, 72

3,
21.
3,

 

