170 rumix.

46 ΙΙ, 4, 16, 9, 7. 1317. 21 ΙΙΙ, Ι, 5, 63 ΙΙΙ, 4, 91 Histro (0111.)
2, 87,3, 37. 57,9, 45 17, 8, 74. 89, 11,4,1 IV, 14, 11
9, 97 11111001,2,100,5,32,7,8 110610111,2,49
ΙΙ, 2, 117,8, 14 17 , 4, 22, 12,17 Homerus 111, 9, 24 Homero (61 ΙΙ,
1111101, 1, 53, 6, 36 Π, 5, 57 ΙΙΙ, 10, 13 Homerum IV, 2, 21
6,9,7, 23 IV, 10, 41,12, 33 huno homini11,9,39 hominomII,9,39
ΙΙ, 1, 63· 8,19 ΙΙΙ, 3, 21 17,2,13, 110ῐυί110011 8, 61 Ι10111111111111,2,
5,26, 9, 67, 10, 68 1101101, 2137 81 ΙΙ, 2, 85 17, 3, 35 1101111110οΙ,
1463145755681510 2,12011,,9351714,29
37 ΙΙ, 2, 3 51, 3, 42, 11, 7 ΙΙΙ, 1, honestum (1111111 3, 9
45 17, 9, 2. 53 ’,,11001 1, 2,.616. 1101101111, 2, 32 IV, 7, 16,9, 14. 64,
19. 77, 2, 53, 3, 31 (111014, 752, 12,4.40, 14, 52 1101101101,9,51
5, 27. 51, 6, 43. 56 II, 1, 66, 2, 29. 17, 4, 25, 9, 58 honorem 111, 4,
9597. 99,5, 5. 35,7, 54, 9, 17. 19, 99 Ι7,9,67 11000101,1,28 ΙΙ,
11, 1. 16, III, 1, 31. 33. 73. 74. 75. 1, 29, 9, 23 17, 9, 34, 12,3 hono·
83. 155; 3, 71, 6, 2, 5, 7, 39, 9, 6. 1000100111, 1,59,11,21
54 17, 6, 41, 7, 19, 9, 113, 10, 30, honorato (61 17, 5, 2 honorati 1, 8,
14, 60 1100(01111Ι, 5, 69 ΙΙ, 5, 54, 22 1101101011οΙ1, 2, 88
085311143417123814, 1101οΙ,10,8 11,10,38111,1,160,
361001735111122865 384552173501068110
17· 9,79 111, 1, 100, 2, 23. 47. 99 100 (11111 4, 11 11010οΙ, 5, 47
109,4,7080,5 ,4917,,,,2218 111,,59
24, 9, 115, 14,8 111,1,7511117 110110111,2,’,28 7, 8 1101101111, 3,
32 11000(11. pm, 2,1113, 3, 92, 16 111,1, 23 110110011111, 7, 55
5993111,2,1853104311011160(11,1.1111,3,1817,10,38
III,9, 41 17,4,14,49,125,14,1 11011160(1111.,)ΙΙΙ 3,17 1101116101
1101011111 1, 45,110, 5111, 1, 29 1, 3, 84
1101011117, 5, 27 110611, 11 ΙΙΙ, 1101101011,7,28 17, 1223
8, 21 bis. 17, 4, 37, 10, 19 1100 1, hortor horteris 11, 11, 22
4, 23, 6, 44,10,19 ΙΙ,9,74 111, 1101111οΙ,8, 60 horto (0111.) 111, 4,
1,62.10417,9,116 1100011, 1, 63 IV, 15,7 hortos 1, 8, 37. 43
61 II, ‘² ,93 121. 123, 3, 91. 99, hospes 1, 3, 74 111, 2,43 hospitibus
4, 10’, 2 ΙΙΙ, 1, 154, 3, 48. 51. (d)1V„9 117 ·
5.79,4,165945,11.15, 6, 41, 11000110 17 9, 105, 14, 60
524 17, 3, 55, 4, 49, 5, hospitiuml, 8, 70 1100011101,1,3 “
54, 9, 87. 123. 127, 1,0 6.5 hospitiis( (d),111,
3337 110011111,1,,1100110119,31 111, 2, 83
5, 54 ΙΙ, 2, 85, 9, 72 ΙΙΙ,,2 1100110οΙ, 3, 65
5, 4,37, 5,38,9,1 17,5,11001111(01)1.)11,9,56 111,1, 4
133 ,,12 15 1110((11ΙΙ,2,83 11001101,2,86,3, 57 11,3,53,7, 70
111, 69, 95 17, 9, 75. 111 111, 1, 8, 8,6 IV, 7, 26, 9, 93
1110 (0111111 51,7,58,8,50.6911, 1100101111,8,61 111,1, 152 hosts

8,
5

8.
4,
6
7,
4
8
6
2

13,
5,8,
31,
4,4,3
4,3,
5,9,

2,

3,
,3.
2

' 5,19ς10, 9.49111,2,37,8,13 Ι, 2, 89. 104, 7, 14 ΙΙ,7,68,8,36

17, 2, 37,8, 15, 9,56.89.93. 100, 111, 1, 2. 25. 151,8, 20,9,4 17, 3,
10, 31 bis 32. 45 38, 9, 82, 13, 45, 14, 28 hostesIV,
hiemps1,2,24.‘16;7, 12 IV, 10, 10, 79 1100116001,2,13 11,1,48
32. 38 111011111,2,24 hiemem 11, 17,6, 35 110010011,1,44
7, 59 11001, 3, 38,9, 33 11, 1, 1,5, 27 ΙΙΙ,
1111011(0111.)11, 1, 9 3, 25, 4, 59, 5, 55 IV, 2, 50, 8, 2,
hilarauorit IV, 4, 37 10, 47 bis
1111101, 5, 71 ΙΙ,10,27 ΙΙΙ, 5,2 17, humanum (u. n.) IV,9, 84 humano
2, 31, 4, 20, 8, 26, 10, 41 (011111, 3, 48 1101110110οΠ, 2, 34
Hippotades IV,10,15 III, 2, 92 humanis 17, 3, 49
hirsutos I, 5, 74 hirsutis ΙΙΙ, 5,6 humili 17, 3, 40
hirundo IV, 14, 13 humus I, 2, 88, 3, 80, 4, 14, 5, 56 ΙΙ,
Hister 1, 2, 79 ΙΙ, 2,.44 ΙΙΙ,3, 26, 5,2 5, 18 III, 1,40, 5, 56 humo (d) 1,
17,2,38, 6,45, 7, 19, 10, 22 Histri 8, 36 humum 1, 3, 74 11, 7, 70, 9,
Ι,8, 11 Ι7,7,10,9,76 Histrum 56. 78 11111110(051.)1,2,108,5,34,

 

