202

1111111111, 7, 9. 31 1111111117,
12, 42 sperato Ι, 4, 54 speren-
dum (111)]11, 3, 92

spes Ι, 2, 62, 6, 27. 36. 46 ΙΙ, 8, 14.
72 spem Ι, 3,4 ΙΙ, 3, 15. 68, 5,
(Ξ, 13, ὲ, 140, 5, 58, 7, 21 17, 6,

11111111, 2, 15, 3, 60 ΙΙΙ, 3, 106 17,
1, 31; 10, 31

spirat IV, 10, 43

splendescere 11, 10, 23

spoliare IV, 11, 7

1111111(1Ι11.)ΙΙ,7,62 ’

sponte 11, 3, 34: 11, 13

squalidus Ι, 2, 106 ΙΙΙ, 4, 107

1111111117, 3, 31

stagno (d) 17, 10, 61 stagna Ι, 8, 38
stagna (nco.) ΙΙ, 10, 25

statuam (1.) 17, 8,31 statuit (pf.) ΙΙ,
2,]15 11111111111,7,29

status 1, 2, 52, 10, 17 ΙΙ, 3,3, 5, 51
111,1,133

11111111 17, 4, 3 1111111 Ι, 5, 33 Ι7,
2,16

stimuli 1, 1, 75 stimulis (abl.)

111,1111(11111·11)ΙΙΙ, l, 143ο

111,1111,1,40

sto 11111, 8, 11;3, 10 111, 2, 52 17,
1, 32, 9,109 11111117,9,107 stent
111,4, 103 1111111, 6, 21 stantis
ΙΙ, 3, 56 ΙΙΙ, 4, 35 1111111117,
7, 8 1111111111, 3, 13 111111111,
2, 41 1111111 Ι, 10, 14 steterant
1, 1, 12

11111 ΙΙΙ, 3, 52

stomacho I, 10, 14

1111111 Ι, 2, 106

Strophio (abl.) 11, 6, 25

structura 17, 13, 4

strue 11, 1, 40 structa (sunt) lv, 13,
20 11111111 ΙΙ, 5, 13 ΙΙΙ, 2, 32

studiose 11, 5, 63 .

studii 1, 5, 76, 7, 28 ΙΙ, 5, 42. 60 ΙΙΙ,

’ 5, 30 17, 13, 43 studio 11. 5, 71

studium 1, 5, 41. 51 ΙΙΙ, 7, 35 17,

2, 35. 48 studio 11, 5, 63 studio-

11,

rum 1, 5, 35 111, 5, 37 1111111111,

· 6,6ΙΙ,9,50.59,10,11Ι7,2,23;

“ 8, 1. 82

stultitiam 1, 7, 44

1111111(11.1.) ΙΙ, 4, 32 stulti (g) ΙΙ,
6, 5 stultam ΙΙ, 9, 73 stulto (abl.)
111, 3, 37 stulte (n. pl. ecc.) 1, 6,
20 1111111117,11,11

stygir'1113 3, 44 stygias Ι, 3, 20, 8,
27 ΙΙ, 3, 43 stygns 17, 9, 74

INDEX. ·

Styx IV, 14, 11 Styge IV, 8, 60, 14,
12 Styge ΙΙΙ,5,56

suadet 11, 9, 20 suadere Ι, 7, 63

sub (c. 111.) Ι, 5, 20, 8, 54 11, 8, 8
11111(1.1Ι11.)Ι,1,10.13, 2, 99, 7,
58 ΙΙ, l, 50, 7, 64. 68, 9, 32. 53.
76, 10, 28. 45. 48 ΙΙΙ, 2, 63; 3, 75,
4,107;6,39 Ι7,3,32,5,4;7,2.
1148, 9, 76. 119; 12, 25, 13, 40,
15, 8. 36. 39

subdere 11, 6, 38 subdita 11, 4, 14
17, 9, 128 (111) subdita (acc.)

subtiucunt 1, 5, 24

subis IV, 7, 34 subit 1, 2, 59, 8, 32.
36 subeunt 1,9,11 111,1,153 sub-
eam 1, 2,107 1111111117, 4, 47,
0,7 1111111111, 2, 1071, 10, 43
17, 15, 30 subibunt ΙΙΙ, 4, 47
subii 11, 7, 58 1111111114, 46
subire IV, 6, 36 subeunte 17,7,21

1151111111, 1, 33 1151111111, 9, 69
1111111111 (ecc.) Ι7, 8, 83

1115111111, 7, 27 11111111, 4, 5, 9, 13
ΙΙΙ, 3, 9 IV, 3, 36 subitis 17,
1,25

sublimis 111, 3, 103

submissa 111, 1, 149 submisse IV,

3, 42

submonet Ι, 2, 22 submouit 17, 8,
79 submotus 111, 4, 91 submota
ΙΙΙ, 3, 55 submotum IV, 16, 47

subpresso Ι7, 2, 18

subsequitur 11, 7, 3

subsistere 111, 4, 83

subsunt subesse 11, 7, 10

subtili IV, 16, 10

1151111111 ΙΙΙ, 7, 16

1111111111, 5, 75

¹ succensent 17, 14, 15 succense 111,

1,89
successor IV ‚ 9, 58
succurrere ΙΙ, 9, 11 ΙΙΙ, 2, 109, 5, 3
sucus Ι, 10, 27 sucos IV, 3, 53,
10‚1s .
sufficis IV, 16, 12 1111111111, 5, 26
1111111111 11, 11, 27 1111111111 ΙΙ,
suffragia (n.) 11, 5, 23
111111,3,12 ΙΙΙ,5,42 17, 6, 50, 9,
100 sibi 1, 2, 148, 5, 39, 9, 34 ΙΙ.
3, 17, 5, 24, 7, 18 ΙΙΙ, 3, 89, 9, 47
17, 5, 33, 9, 31 11 (111.) Ι, 1, 54,
6, 53,7, 21,9, 33 ΙΙ,2,35,3, 35,
10, 17, 11, 13. 18. 21 ΙΙΙ, 1, 126,
4,1;1,14;1,14 1111411141,
10, 58, 15, 311 11(1Ι11,) 1, 8,13
ΙΙ, 2, 62 111,4,66

 

