160

103, 9, 24, 51 ΙΙΙ, 4, 14. 11331313
ΙΙΙ, 6, 9, 9,15 dempsit ΙΙ, 9, 78
dempto I, 1, 30 dempti (n. 3.) Ι, 8,
74 1131333113(331) 111, 1, 149

demittere IV, 16, 51

(13333111, 2, 51

denique Ι, 1, 27, 2, 107 ΙΙ, 1, 11, 4,
21,8,03 ΙΙΙ, 4, 77,9, 47

INDEX.

111, 1, 131, 3, 33, 4, 113, 3, 31 1v,
4, 41, 3, 33. 33, 3, 3, 14, 31 dis
(3334, 33 111,3,4311,3,33,
11,1 dis (431.) 1, 3, 33 11, 13,33

dexter IV, 16, 24 dextera 11, 2, 13

IV, 7, 19. 43 (1311113111, 6, 3 lv,
1, 12 dextrae (d) IV, 7, 43 (131115
Ι, 3, 57 IV, 10, 29

dens dentis IV,9, 28 dente III,4,74 Dianae 1, 1, 41 111, 2, 93
densus (133331,4,36 11,9,24 (1333331313 IV,8,4 111311Ι,5, 39 dieunt

ΙΙΙ, 9,4 11,3,15 11333111, 8, 65
densa (333.) IV, 7, 15 densius Ι,
deposuisse 111, 2, 64 depositus 11,
2,43 ”
deprecor 1, 2, 51 111,4‚ 65
deprensa lV, 13, 13
deserit ΙΙ, 4, 4 deserat IV, 12, 42
desere II, 7, 81 (13331313 IV, 8,12
deseruit IV, 6, 16; 16, 16 deser-
uisse 11, 6, 22 1133311331, 3, 49
(1311113131 Ι, 1, 27, 8, 41 ΙΙ, 9, 17
desinat IV, 12, 8 desine 1, 6, 24 ΙΙΙ,
6, 42 IV, 16, 48 desinere 11, 3, 38
desiste Ι, 5,3 desisti ΙΙ, 5, 47
desperare 111, 7, 23
(1331113331 ΙΙΙ, 9, 18 destituere 1, 4,
desunt 11: 3,’ 11 111, 4, 13, 1, 1 11,
8, 17 113311 IV, 9, 109 (13313111,
3,13111,1,101;4,79IV,12,33
defuit 11, 10, 38 ΙΙΙ, 2, 18 (13133111
111, 4, 24

ΙΙΙ, 1, 62 IV, 10, 35 1113313111,
9, 39 IV, 2, 29 11133311, 5, 55 IV,
4, 48 11133131, 4, 52 ΙΙΙ, 1, 65,
3,32.49.74,5,51111,2,4,7,45,
8, 55, 11, 11, 12, 113, 13, 8, 15, 20,
16, 45 (113 ΙΙΙ, 5, 37 lv, 3, 21
dicam IV, 10, 67 dices 11, 1, 68,
ΙΙΙ, 4, 98 dicet IV, 9, 113 dixi
l,1,7 IV, 1,13,13,-33,14,33
1111111,6,43,8, 14,9, 23 ΙΙΙ,2,
71. 81, 3, 92 IV, 4, 19, 13, 27. 39,
16, 23 dixere 111, 2, 45 dixerit
II, 2, 29 ΙΙΙ, 9, 10 dixeritis lv,

ι3,43 dixisse 111,1,3,3,33 3111-

3313 Ν, 3, 53 dicente ΙΙ, 5, 45
11133113 ΙΙ, 3, 66, 5, 8 ΙΙΙ, 1, 44
(11311311, 1, 34 IV, 7, 42 (11333-
turI, 6, 37 111311,6,20,7,4411,
4, 31 (11331111, 7, 11 (11313311,
5, 49 IV, 16, 17 (11313 (331) ΙΙΙ,
5, 3 dieta (333.) ΙΙΙ, 4, 66 111-
333113 IV, 5, 17 dictu 1, 9, 3 ΙΙ,
3,7

deterior Ι, 4, 1 (1313113113 ΙΙ, 2, 32 dictasti III, 3, 29

detinui 111, 1ο, 31

- (13113113 ΙΙ, 3, 15 IV, 8, 20

' 1131133131 ΙΙΙ, 7, 15
(13113333 I, 8, 27
deuecta (333111, 7, 27,

(11313133131131, 3, 12 ΙΙ, 8, 14 ΙΙΙ,

3, 33, 3, 33

ries 1, 3, 4. 33 11,(,13.43,’1ο,31

111, 3, 33 11,4,1.33,3,113,11,
13,13,3 31331,4,3311,3,31

33341131 1v, 14, 31 11,3, 43 31311,1,33111,1,4ο
(13313111,1,27 IV, 9, 8. 60 (1131313117,16,15
“ (1311333111, 9, 41 - dies II, 10, 38
(131131,2,71 ΙΙ, 1, 56 ΙΙΙ,4,93, 6, (11113111,1,17 ΙΙ,3,3 (1111311111,
3333131333 33134, 44, 3, 133 3333131311
46 11, 8, 76 ΙΙΙ, 4, 93 IV, 3, 56, (1116311131, 6, 47 1111113113 ΙΙ, 2, 109
3,113,13,34 3333143113, 111, 3, 31 11, 1,43 3113331 (g),
31 deo (ahl.) 111, 4,34 11, 3,133 1,3,33 3131313311,3,33111,
(131(3.)1,5,70 11,8,11† deo· 4,10
rum 1, 1, 33, 3, 33, 13, 11 11, 13, diffundere 11, 4,3
47 1133131,1,39 ΙΙ, 3, 68,8, 58 digerat1,4,9 digestum IV, 8, 58
, 11313(3111.)ΙΙΙ,5,54ΙΙῙ,5,26 deos digitum 11, 3,33 digitis lv,2,34
1, 1, 33, 3, 143, 3, 33, 1, 34, 3, 33, 31,113311,13,34,14,13
10, 44 ΙΙ, 1, 48, 2, 12. 90. 120, dignor dignere 1,8,9 dignenmrll,
3,133,1,13, 3, 3. 3. 33. 33, 31, 3, 3, 33 dignarer lv, 13, 3
34. 33, 13, 41), 111, 1, 100. 133, 3, dignus 1, 1, 13, 3, 31 11, 3, 33, 3, 3ο.
13,4,33,3, 13 11, 4, 33. 33, 3, 31 111,3,3 digna 11, 3, so. 33,
33, 13, 33 31 1, 1, 33, 3, 31, 4, 3, 33, 3, 33 111, 1, 113, 4, 34, 3,
43,1,111,1,3.33,4,3,11,33 33 31,31131,3,11. 1113 signam-

 

