ffl8

tueri IV, 8, 81 tuenda ΙΙ, 2, 62,
6, 72 tuendae IV, 5, 37 tuendo
ΙΙΙ,12, 41

tum ΙΙ, 3, 67. 69 ΙΙΙ, 1,137. 138. 149.
161, 2, 27, 3, 79, 6, 61. 63 IV,
4,ae

tumen11,‚3 54 tumuerunt ΙΙ 3, 27

tum1d1s111'1,‘28

1666161661, 6, 49

tunel, 2, 26, 6,8,6 6 16 17,,8 22·
9, 2238, ’164

161661, 7,16, 8, 8 ΙΙ, 7, 62 ΙΙΙ,,2
10 IV 7, 36, 9, 17. 24, Ι4, 46 161-
666112, 1001ΙΙ, 9, 6 turbam
ΙΙΙ, 1, Ι442 1616617, 4, 27. 43, 6,
27, 9,21. 71, 16, 41

turmae (d) IV 10, 61

turpeI, 1, 4411, 3, 7. 37, 6, 1221.
22. 23 ΙΙΙ, 2, 20, 6, 63

Turrani IV, 16, 29

turris (666.) Ι, 6, 61

turritis ΙΙΙ, 4, Ι106

tus ture II,3,99 IV,9, 111 tura
(n.) IV, 8, 40 tura (666.) Ι, 4 66
ΙΙ,1,32, 9,28 ΙΙΙ,1, 162 ΙΙΙ,8 ,
29, 9, 33

Tuscus IV 16, 20

INDEX.

IV, 3, 30, 8, 78, 16, 30 tuae 1,
7, 20 ΙΙ, 2, 104 16616Ι,2, 114
ΙΙ, 3, 38. 64. 80 IV, 1, 12, 8, 64,
11, 13; 16, 38. 42 tuam ΙΙ, 6, 34
ΙΙΙ, 16, 22 tuum ΙΙ, 6, 20, 7,82
166 (661.) Ι, 3,8,6, 18 ΙΙ,3,6,4,
18. 24, 9, 38. 64, 11, 14 ΙΙΙ,1,114,
6 44,8, 20 ΙΙΙ,3,8,6,30. 40, 7,
47· ,8,68.90; 9, 30 16611,2, 10
ΙΙΙ, 1, 7. 9. 106120, 3, 74 IV, 6,
14 16111,3,60,10,6 166 (ιι.)
ΙΙ, 3, 97, 6, 37, 8, 37, 9, 37†.61
ΙΙΙ, 1, 148167 ΙΙΙ, 6, 4, 7, 64, 11,
10, 12, 37 tuorum 1, 7, 5. 15 ΙΙΙ,
4, ΙΙΙ tuarum IV, 1,, 36 1616 ΙΙ,
6, 13 ΙΙΙ,3, 70. 8435, 26 IV, 1,
4,9,44. 128 16661,2,130;6,1, “
7,18 ΙΙ, 3, 70, 4, 8, 8, 33, 10, 44
ΙΙΙ,8,717,2,42 1666 Ι,3,68
ΙΙ, 2, 66.112,4, 13 ΙΙΙ, l, 42.
166 ΙΙΙ, 6, 26, 8, 87 1661 2
136· 3, 930 9364411670
618 82834961111 1, 64.
138132336624111133
13, 4, 30 36. 49, 8,,23 9,133,16,
37 1616( (.661)Ι, 3, 12. 44. 86⁰. 88,
669481136094646 76

tutelae (g)1v,1‚ 36 tutelam ΙΙ, ΙΙΙ, Ι, 74 ΙΙΙ,3, Ι6, 9, 62, Ι1,4

6,34

Τ 116661 3, 79

Tu11canum IV 12, 10 Tu11can11V Ι17116166 (g) ΙΙ 2, 13

12, 11

Tyndaridisl, 7, 32 ΙΙΙ, 16, 26

tutor tutare (1mp)114 33 161616 tyrann1s1v16,31

(661)Ι, 4, 39

1616611, 9, 80 ΙΙΙ, 1, 28, 6, 69 1616
18811118817974 tutum
Ι, 6, 21 IV, 6,13 tutum (666)

7666121060

, V

ΙΙ, 2, 29 ΙΙΙ, 6, ,6 ΙΙΙ, 14, 68 1616 uacca 1v1 34
11, 8, 63 tutas IV 5:¹34 161611, 666611, Ι, 312, 2, 76 ΙΙΙ, 1, 142,

1, 62 2, 31616, ΠΙ, 6, 15 tutior
19152510 1611611, 1,10·2,103 ΙΙ,
9

3,1 ΙΙΙ, 7,38, 15, 6 uacent 111
3, 60 6666611 lV, 9, 71 uacauit
ΙΙΙ,3,36

16661, 3, 1, 7,6,27 ΙΙ, 2, 96, 3, 76, 66666611Ῑ, 2, 12 66666611, 1, 79

66108321114217746
8,7,,214.120,12,40;16,19166
12116323764628709

uacuo (661.)Ι, 4, 13 uacuum IV
6, 26 6666666111, 1, 23 uacuas
ΙΙ, 11, 7 uacu1ss1m21111,141

1'4’,11 Ι, 67, 2, '21. 46. 94, 3, 61. 66611(6Ι)Ι.)17, 92

2,ΙΙ, 6ΙΙΙ,,.1788..93130,,2
3,103.,,107622.4117,1, 23·
22. 34, 4, 37,7, 19. 61,8,2 8,
Ι, 6, 16, 1617, 16, 30 tuum ΙΙ,
83171381611,3,28,
ΙΙ,1,60,,6321; 8,,,48917,
1, 18111, 1, 86. 1,10 6, 3036
1V536 4044 34 1221666

6,
7
7,
3,
1
6,
8,7
l

1
40
72
8,

1661666666663666666664

ualemus ΙΙΙ, 4, 13 lV, 14, 3 ua·
lent 111, 4, 7 .1V, 8, 40 661666 ΙΙΙ,
1, 72 ΙΙΙ, 6, 29 66166611,1,66
IV, 8, 30, 9, 24, 13, 47 ualere 11
2, 66. 72 ΙΙΙ, 3, 22 ualerem 111
1,71 ualuere IV 3, 36 66161666
ΙΙΙ, 7, 36 6616611661, 3, 29,

Ι,,’,,’00762ΙΙ21 6 74 8, 2466111617,3,6
ΙΙΙ, 3, 36 ΙΙ,1,36ς 6, 1236, 9, 66116161, 2, 21
6, ΙΟ, 72 166114,14,4,9 14 6666611, 7, 24 666611, 7, 14,11,8

 

