1111111. 195
63. 71, 9,46,10,9151, 11, 1,11. quaecuuque IV, 15, 39 quicunque
55,2, 13, 4,15, 5, 12. 76, 6, 17 111,12,19 quodcunque Ι, 1, 14
515, 8, 16. 461. 59. 71, 11, 19 111, quidem ΙΙ, 2, 19, 3,“7. 61, 5, 23, 10,
1, 46. 71. 90. 105, 2, 80, 3, 85, 4, 45, 11, 13 111,1, 81. 153, 5, 45,
52. 191, 5, 22. 32. 40. 42, 6, 34, 8, 7, 37 IV,8, 1. 35, 13, 39
18 IV, 1, 28, 2, 1. 34. 43. 49, 4, quies IV, 9, 91 quieti (d) ΙΙ, 2, 73
13,6,3,11,6,12’, 18 (111ο1,2,5, quieuit 11. 9, 60 quierunt 11, 5, 47
3, 76. 859, 5, 48, 8, 66 ΙΙ, 1, 34, quilibet lV, 10, 78, 14, 25 quolibet

¹ 2, 48. 101, 3, 79, 5, 73, 10, 47 ΙΙΙ, Ι, 1, 4, 7, 67, 8, 40, 9, 38 11, 3, 82
3, 13, 4, 87 IV, 3, 18. 46, 4, 17, 9, IV, 3, 32, 14, 6 1119511691(199.)
11. 25. 88, 12, 40. 50 quiI,l, 12, 1v, 5, 12 quolibet (adu.) III,
2, 72. 75,3, 47,5, 40,9,27, 10,2 5,48
ΙΙ, 2,87, 3, 6, 6, 12, 8, 55, 9,7 quin 11, 7,5 111, 3,95 111,1,1, 10,
111, 1,3. 57. 75. 125. 127, 2, 79. 99, 61. 72
7, 20 17,2,39, 4,9.45,8,3, 9, quinque 111, 3,30
55, 10, 33, 12, 6. 9. 49 qui Ι, 2, quinquennis lv, 6,5
15. 134, 3, 62, 4, 4, 7, 7 11, 2, 62. Quirini 1, 5, 73
119, 8, 34. 57. 58, 11, 26 111, 2, 8. Quirites IV, 5, 17, 15, 11
25, 6, 28 Ν, 6. 44. 49, 8, 19, 10, quis (interrog.) 111, 40, 2, 6, 7, 21
19. 29. 35, 11, 7, 13, 32 quael, ΙΙ,7, 55, 9,41 1111, 111,1, 37, 2,
2, 79,5,54 111,1,101 111,2, 46 13,6,3 11199111, 3,10,8,53,
quae (n.) 1, 9, 32 111, 3, 28, 5, 9 10, 82, 14, 95 quae 111, 3, 27 quid
1v,3, 36. 57, 6, 37, 7, 36, 8, 10, Ι, 1, 13. 56. 59,2, 7. 77 1115, 3, 37
10,40,12,31;14,20,15,7 quo· bis. 81, 4, 11, 5, 30. 43. 79. 82, 6.

1111111,1,77.97,10,24 ΙΙ, 3,31,
5, 28, 7, 80, 10, 19. 42 111, 2, 69,
3,108,4,113, 9, 55 IV, 12, 39,
16, 37. 39 quarum I, 2, 31. 140,
6, 7, 10, 31 111,1, 65, 3, 51 qui-
bus 1, 5, 8538, 45 Π,2,83. 89 111
4,11,5,15,7,17 111ο51,2,49,
3, 81, 8, 43. 45. 61 ΙΙ, 1,41; 2, 81.
121, 6,·27, 7,301115, 8, 2. 60. 61

11, 43,7, 38. 49. 61. 63, 8, 3. 23
ΙΙ, 2, 5, 3,391115. 17. 41, 6, 11,
7, 3. 19; 8, 17. 22 ΙΙΙ, 1,33. 119,
2, 101, 3,57, 4, 6395, 5, 41, 6,

44, 1,4.5;9, 19. 31 iv, us. 39. ·

45, 3,29. 41, 4, 48, 5, 29, 6, 29,
7,45, 9, 40. 48, 10, 66, 12, 43. 45
1115,14,11.12,15,2.31,16,1.51
quem 111, 9, 2

111,1,44 105· 1116 11, 1, 33, 4 quis (indefin.) 1, 4,9, 15, 1, 49; 10,
3333,1,46,8,34;111,31.81); 13, 9.19;5,1 111,4,55;1,58;9, 41
4811414 (114113134, 38111· iv, 9, 91, 3, 513 4, 49, 5, 11, 15, 1
411543411310134111336, 11119, 1403 5,53 'quid 1, 5,9
10, 31 111, 1, 36 11, 1, 38³ 1, 130, 11, 9, 96 111, 1, 199; 4, 49 iv, 1,
10,22.59;13‚11 quael,3,55; 1138,21.65quemlv,6,39 qua
5935, 1938,55;9,12.55 112¹· (n.p1.)1,5,24 qua(acc.)III,7,
10111311 133, 311 111, 3, 3111, 99 qui iv, 5, 11; 11, 54 quos 111,
4, 111,1, 2638, 1. 95 11, 91149, 9, 113

999191 ¹3²³ ¹²›34⁵ 191991 ¹⁵² 1⁸· quisquaml 5,9 11, 9, 49 111, 1, 99
24 quibus (abl.) 1, l, 53. 74, 5,3, IV 6 49' quiequam 2 63⁸9&
91991999 ¹¹2 ¹² 4⁶³ 3, ⁹⁵⁵ 5, ⁷³³ 5,1'9;'1,5 11, 9, 51 111,’4,’95 11ῑῖ

{332 {31³,1131,'3911;I{51‚'2l; ’τῖθὶἐῇὲ 'wlff quam 1V,6,13; 14, 51 quemquam

14, 3. 99

ἑ, 2Ὶί 89 ΙΙΙ, 6, 11 quicquam 11,
1111119995,191941 11, ,111,1, 1, 1, 1411, 11, 1144 11, 3.
· 3, 31, 1,35. 31 bis3 111413, 3, 11,(,511 11118 111,9,8 111,1,

191313111411311391113, us 111111111951 (1111111,

5;11,8 9, 36 quaeque (u. piu.) 111,6,31
quidam 111, 2, 41 quiddam IV, 10, (199991111 (999) 11, 3, ²4
77 quiddam (uec.) 11, 1, 55 qui· quisquis IV, 8, 52 quicquid Ι, 1,21,
dum (n. pl.) 111,.2, 16 quae· 6,25 11,2,85,7.4,9,77,10, 13
dam Ι, 8, 47 quaedam (acc.) 111, 111, 1, 59, 2, 73, 9, 12 IV, 3, 54,
7,25 8, 54 bis
13*

 

