INDEX.

ΙΙ,6,26 1661666161, 10, 24 ΙΙΙ, 16666612, 130 mensae (g) IV, 6, ’

4. 46;9‚47 Ι7,8,71, 13,23. 46,

179

47 mensae (n.) I, 10, 7

16, 50 1661611111,5,31 17, 2, 40 mense 111, 3,6 Ι7,4,24
maternus ΙΙΙ, 2, 106 maternos IV, mensnram Ι, 2, 1

’ 16, 43
16616116161, 2, 139

mentiar (6661.) IV, 9, 85 mentito l,

7,19

maturos ΙΙ, 1, 59 1661616 ΙΙ, 8, 49 616616 (1011, 3, 39, 6, 14

illeximus Ι,9,26. 27, 60 Μ61111661, meo 11166611,2,80 ·
2, 1,67. 114, 6,2.9; 9, 16. 32 ΙΙ, meroes 111. 3, 39 mercede II, 3. 35
3, 1, 8,2 ΙΙΙ, 3, 2. 96, 6, 6. 33. 68, mergere ΙΙ, 3, 46 mergitur ΙΙΙ, 7.

8, 22 17, 6, 9. 11
medicabilis Ι, 3, 25
1661116166 Ι, 2, 41, 3, 23

2171 merbgi ΙΙΙ, 6, 36 mersis (6111.)

16616661, 6, 52

16611166(11)Ι,3,92 medicum III, 1, 1116160 6161111 Ι,1, 49, 6, 70 ΙΙ,8,

69 61611166 (661.) Ι, 3, 17 medi-
66111161, 6, 36 medicam Ι, 3, 6

mediocribus (661.) Ι, 6, 83

166611616111, 4, 45

16611161, 1, 64 16601616 17, 14, 9
1661116(661.)Ι, 7, 30 Ill. 3, 6 17,
9, 11 menia 11, a, 11, 16, 50 111.
6, 7 lV, 9, 32 1116111161, 2, 13, 6,
34 ΙΙ,1,20;3,28 Ι7,8,28; 10,
16 medias1V,7,10;14,n

Medusa 1, a. 35. 31 111, 1, 114

1661 (666.) IV, 2, 9

Melanthus 17, 10, 64

16611611, 2, 141 ΙΙ, 11, 14 ΙΙΙ, 2, 26
1661161161, 2, 47 1116116161, 3, 78,

11† 61616616111, 2, 20, 6, 28 17,
2, 46 meruisse Ι, 1, 54, 62, 7, 09,
70 IV, 1, 16 16616611 ΙΙ, 2, 87 ,
61616116 ΙΙ, 6, 31 meremur 17, 9,
89 mereare ΙΙΙ, 1, 62 meritus
16611111, 8, 19 1661116611, 10, 43
ll, 2, 19 meritas IV, 4, 39 mo-
rito (61111.)ΙΙ, 2, 107 17, 2, 49,
12,16

6161111116 meriti 11. 2, 116, ll,8 111.

2, 27, 6, 16 17, 6, 44 meritum ΙΙ,
11,9. 11 17, 8, 6 1661116111, 3,
76 IV, 7, 16 166111161, 6, 45 ΙΙΙ.
1, 86 17, 1, 4, 1, 21 meritis Il,
6,6 IV, 5, 393 16,6

6,9 ΙΙ,9,15 Ι7,16,22 melius 6161611166 ΙΙ,3,20
Ι, 3, 37 11, 9, 40 ΙΙΙ,7,26 IV, 7, meroI,3,10
23 melioribus (661.) 17, 9, 9 Messallae IV, 16, 43

Melissa IV, 16, 36
6163631ἓ16ἱξ, 16, 28 ΙΙ, 2,72, 7, 13 ΙΙΙ,

Messallinns ΙΙ,2, 83 Messalline I, 7,
1661161711111, ἸΙ 21 messem I, 5, 66

61616161 Ι, 2, 133 ΙΙ, 3, 100 IV, ll,3 messorum ΙΙΙ, l, 12
meminisse Ι, 7, 65 ΙΙ, 4, 6, 11, 4 16616116 ΙΙΙ, 8, 6

ΠΙ,6, 11 17, 4, 16, 6, 60
Memnonis Ι, 4, 67
Memnonio ΙΙΙ, 3, 96

16616617, 15, 29 16616661, 1, 23,

6,3 metues IV, 3, 62 metuens
III, 2, 14, 6, 49

61661611, 8, 1725 11,4,3 ΙΙΙ,1, 6161116111, 6, 55 1661111611, 7, 14

146 memori ΙΙΙ, 6, 61 memorem
11,10,19 ΙΗ,8,1 Ι7,2,7 616-
mori 1, 4, 56 ΙΙ, 7, 33, 11151 ΙΙΙ,
2, 30,4, 18 17, 5, 33

memorande IV, 13, l

mendax ΙΙ, 4. 31 mendaci I, 6, 19

. mendacem I, 7, 35 Il, 9, 76

mendis (abl.) IV, 1, 13

166661, 1, 67,6, 18, 62, 6, 12, 8, 34,
10, 38 ΙΙΙ, 3, 36. 103, 4, 60, 5, 41
IV, 1, 739, 90 1661111616, 15 ΙΙ,
1,17,8,75,16, 11 ΙΙΙ,4,27, 6,
26 IV, ll, 19 61611111, 3, 3, 6,
27 ΙΙ,3, 16 ΙΙΙ,6,48 16661616 Ι,
1, 75 1666161,2,8, 3,7. 62 ΙΙ,
4, 8 IV. 4,45; 0, 33. 37. 41, 14,
39,16,37

III, 6, 40 6161111, 2, 125, 3, 68
ΙΙΙ, 2, 12. 16 metus (666111, 7, 6
111, 1, 25, 3, 83

meus 1, 8, 41 ΙΙ, 7, 39 ΙΙΙ, 2, 21 IV,

9,14,12,18 16661, 2, 38. 146,6,
66. 69. 86, 9, 13 ΙΙ, 2, 15. 30. 93:
103, 3,44. 46, 6, 12, 7, 1, 9, 69,
16, 10, 10, 6, 11, 13 ΙΙΙ, 1,49. 105,
3, 36. 78, 4, 46. 6066, 6. 21, 7.20.
32, 8, 18,9,6. 4249 Ι7,1,7;3,
5. 22, 9, 1074. 87. 90. 106, 12,46,
13,13, 14, 23, 26. 47. 49, 15. 38,
16, 45 meum (n.) Ι, 2, 104, 8, 70
Ι7,12,36 16611,6,4.76,6,16,
1, aa 11, 1, 16, 41, 3, 16, 4, 36, 5,
36, 7, 34 ΙΙΙ, 3, 34, 6, 10. 60. 64
Ι7,1,6,9,114;10,24,13,4 meae

121

 

