INDEX.

8111111 IV 8, 1. 89
sulcauimusI, 4, 35 ΙΙ, 10, 33
Sulmo IV 14, 49
8111111, 2, 33. 34. 49. 129; 5, 32. 43,
8,7 11,3,81,5,28,7,23,30111,
“ 2, 47, 4, 91 IV, 1, 935, 3, 11,17.
55, 8, 5, 9, 93, 14, 1. 53, 15, 19
es ΙΙ, 3, 50. 57, 6, 30. 31, 9,12. 57,
10,11. 12. 49 ΙΙΙ, 1,10, 3, 32, 83
Ι11,7,1;13,2 est innumeris 10-
111. sumus Ι, 1, 77, 9,6 11, 2, 119,
5, 66, 9, 64, 11, 3 ΙΙΙ, 1,79, 4,113,
7, 18 lV, 9, 89. 124 estis Ι, 10,
39 111, 2, 25 1111111,3,28,6,54,
8, 47; 10‚28 11,1‚ 1855, 2,14,
18,3,57,4,5,5,14.23,37,7,45.
56, 8, 21, 9, 59. 68, 10, 17. 31 ΙΙΙ,
1, 17. 103, 3,28, 4, 39. 67. 89, 5,
9,8,5111,2,8.19,3,35,4,14;
7, 54, 8, 23, 10, 39. 79, 11, 10, 13,
20,14,5.55,15,7 siml, 1, 65,
3, 92, 5, 33, 7, 68 ΙΙΙ,9,4 111,12,
49,14,24,15,14 111111,5, 39,
10, 7 ΙΙΙ, 1, 84. 146, 6, 57 Ι11,3,
2, 6,35,15,26 0111, 1,14. 17.
61, 2,14, 59, 72. 99. 103. 128, 3,
26. 39. 46. 91. 93, 4, 17, 5, 68, 6,
21.47·715.36,8, 70, 9,28, 10,
20 ΙΙ, 2, 55. 94. 106, 3, 9.17.37.
38. 74. 79. 98, 5, 3. 24, 7,4.5,8,
,36 64 9 13 66 73 11, 6, 17
ΙΙΙ, 1,3 9118136141. 15,2 2,
2.4,3,63, 6,.5152,,;,’677
6, 8, 16, 9, 1, 828, 2, 32,
x3,31;,43; 6,1,,9717,8,
846 „’987' 0 ’,.’,121435 13,8⁷
1110111111 6, 39 ,1111111511
111111, 2, 61, 75, 3,12, 823, 1015
ΙΙ,1, 54, 6, 16, 8, 38. 45 '111,‚1
45. 148. 165, 2, 23, 4. 33. 71, 9, 41
IV, 8, 19, 9, 83, 10, 65, 12, 37, 13,
17 11111111, 7, 58 II,6, 10 111, 3,
65 eras 1, 6, 44,7, 22 ΙΙ,2,102,
3, 32, 71 IV, 3, 6, 6, 9, 13, 38
011111, 3, 72. 82, 4, 28. 37, 5, 7 ΙΙ,
4,16 111,1, 106. 111, 2, 92,3 5.
42. 98,4,42.50, 7, 38, 8,18, 9,
24. 44 IV, 2, 13, 3, 5, 4, 13, 7, 24
48, 10, 80, 14, 46, 16, 4. 46 erant
111,3,8 essem1,6,ll IV,9,9.
15, 21, 14, 4345 esses ΙΙΙ, 2, 108,
6,3 111, 9, 29 011011, 7, 41, 3,
72 II, 3, 85, 4, 17 ΙΙΙ, 1, 53. 105.
110 IV, 1, 7, 2, 22, 9, 11. 14, 14,

7.94
5,
1
5,3
1

4
IV,
13,
3,

2oe

01111, 1, 64, 3,14, 8, 74, 10,10,
42 ΙΙ,2,61.86,110,3,16,4.26,
5, 31, 6, 19. 32, 8, 18. 63, 9,23
ΙΙΙ, 1, 3. 86. 133. 136, 2, 36, 4, 78,
6, 32. 53, 7, 10 111,4, 18, 24. 34,
5, 16, 7, 4, 18, 8, 3474, 9. 58; 11,
1, 14, 8, 15,4 eritis Η, 8,68
erunt IV 5, 21 esse Ι, 1, 10,2, 6.
34. 94. 116. 122, 3,,,,2832 48, 67,
4,,2053171, 7,,,,66692646
10,181[,1,44.48,1,8...1919
48.1 56 63. 84. 104, 3, 12. 14. 31.
38. 49. 64. 74; 6, 24, 7, 1. 22. 35.
65, 8, 32. 42; 9, 14. 16. 48. 74. 80,
10, 19,]1,16, 18 ΙΙΙ, 1,44. 133.
152, 2, 82, 106110, 3,19.38. 72.
96, 108, 4, 68, 80, 5, 28. 29. 54, 6,
81038 111, 1, 18, 2, 26,3,2. 8,
23. 24, 4, 34, 50, 5, 13. 36, 6, 2.
12. 26. 32. 38, 7, 22, 8, 14. 26, 9,
19. 89, 100. 106, 10, 24. 30. 70. 74.
78,11,14.22,12,32.36,13,4.6,
12. 14. 27. 29. 31, 48. 50, 15, 38
11111,7,16,42 ΙΙΙ, 5, 23 IV, 3, 19
fuisti IV, 12, 23 111111, 1, 36. 94,
4, 36, 6, 2, 12, 7, 32. 56,9, 16. 25.
38, 10, 26 11, 1, 4, 44, 2, 6, 3, 62.
70. 76.78,4,12.22, 7, 52. 60, 8, .
14,10, 37,11, 15 111, 1, 5098,
2, 60. 69. 88, 3, 4. 24, 76, 4,,12, 83, .
6 3,0, 7, 26, 32, 9, 45. 5256 IV,
1, 23,2, 14: 3, 18. 46,8, 1654, 9,
74,10,14.18, 12, 17, 13, 36 fuere
ΙΙ, 10, 36 111, 4, 20, 5, 12 IV, 10,
12, 13, 42 1110111011. 5,7 fueris
111, 9, 51. 63 11101111,7,2511,,8
6.,489,10111,1,4814331115
46 1110111111, 9 32 fueram IV 6,
12 fuerat 1,Ι 3, 6,1 11, 19 111, 2,

·53, 3, 37 IV,3 .;41 9, 119, 14, 33

111010 IV 6, 12 10111011, 2, 88
111, 4, 84 IV, 7, 13 fuisse 1, 2,11,
6, 4, 7, 18, 9, 12 ΙΙ, 1, 42. 52. 68,
QQ4fflfflfflQ5wffi

13. 25 futurus (eras)I, 6, 14 IV.

8,70 10111101, 7, 42 II, 7, 34111,

13. 50 futurum (est) 11 6, 33 111- ·
11111111, 1, 27 futura (n. pl. aee.)
1,6,32 111,5,36, 7, 22 101015,

39ΙΙ,1,3111,1,155111,5,40
1010111, 3. 82 101011, 1, 33, 9, 18
ΙΙ,9,53 ΙΙΙ,6,4 111, 9, 22, 23.
38, 14, 62, 16, 5. 8 10110111, 10,
10 Ι11,16,37

31 0110111111, 16, 39 ero I, 1,80 summa I,8,4 H,l,46; 7, 29 111,

11, 2, 44, 4, 34, 6, 4, 10, 44 ΙΙΙ,2,

11

28, 6,56 Ι11,1,221,6,44,8,30 summus summa 111, 8, 70, 16, 2

mmffiQvaemffifflw

summi IV, 3, 56, 4, 25 summo (d)

 

