INDEX.

Graios IV, 18, 48 Graiis (11) 1'V,
griii’ii} ΙΙΙ, 8, 41 gramina (11.) Ι,
8, 37 gramine (ace.) Ι, 6, 62 1v,
mfflflamamnmmu
ΙΙΙ, 3, 36, 4, 84 grandi (461.) ΙΙΙ,
1, 81 ΙΙΙ, 8, 40 grandius ΙΙΙ,
46661141114
ς14114(11.)111,16,8 .
grates (ace.) ΙΙ, 11, 26 ΙΙΙ, 4, 39, 9,
41111441, 2, 66, 7, 61 ΙΙ, 1, 19, 2, 46.
94. 110, 3, 82, 6, 36, 6, 32, 7, 62,

mamummmamm
, 444Νᾼῃ44444,

8, 4, 16, 36
11411411, 3, 14
Gratius IV, 16, 34

169

Ι, 9, 37 ΙΙΙ, 3, 69 646441Ι,7,13
6464441111, 2, 22 habebas Ι, 9.
49 6464641 ΙΙΙ, 3, 7 ΙΙΙ, 7, 26
6464141 ΙΙ, 8, 3 habebit Ι, 2, 86
ΙΙ,4, 27 64611111,,2, 139, 4,33
ΙΙ, 9, 77 ΙΙΙ, 2, 69 habuere ΙΙΙ,
4, 40 ΙΙΙ, 11, 8 6464 ΙΙ, 10, 62
646414 Ι, 1, 32, 6, 64, 7, 8, 10,4
ΙΙ, 3, 42, 6, 42, 6, 39, 7, 6. 76, 8,
62 ΙΙΙ, 3, 66, 4, 98, 6, 68 ΙΙΙ, 7,
12, 8, 68, 10, 60, 12, 16, 13, 22,
14, 2. 61, 16, 20 64641141, 2, 20
ΙΙΙ, 3, 16 64644111, 6. 23 ha·
64144411, 1, 24 IV, 9, 20, 11,2
6461111111(441)1ΙΙ, 15. 36 64611414
(444.) ΙΙΙ, 6, 42 64641411, 6, 44
6464641 Ι, 1, 78 habenda (u. 1.)
Ι, 7, 10 64644114 ΙΙΙ, 1, 117 64-
641164 (n. 444.) 11, 6, 68

6441411114 ΙΙΙ, 0, 61

mator grataturIII,3, 89 gratare Haemonia Ι, 4, 31⁰ Η44111411161,3,76
ΙΙΙ, 13, 21 gratatus IV, 9, 13 .644141Ι,6,8 haerent IV, 7, 37 hue·

gratus 111, 4, 81 IV, 1, 220, 8, 34. 37

rebam 11, 3, 88 6444111, 9, 19

grata1,3,80 ΙΙΙ, 2,7 ΙΙΙ,1,7, HalysIV, 10, 48
8, 2, 14, 67 gratum IV, 15, 17 641114(461.)11,7,9
grata (11. pl.) II, 6, 14. 23 ΙΙΙ, 6, 64141111. 6, 49 ΙΙ, 8, 63 IV, 4, 11

12. 36 gratior IV, 14,8 gratius
ΙΙΙ,6,18

grauidae 11, 9, 30

ς1411141,4,44 11,2,16, 7,61 ΙΙΙ,
7, 11 ΙΙΙ, 1,8,4,6 graue IV, 10,

harenis Ι, 3, 49

harundine 111, 4, 107
hasta I, 7, 62 ΙΙ, 2, 26 644144 (11)

ΙΙΙ, 9, 46 1144141411, 6, 21 hastas
111, 4, 97

13 grauem 111,.8, 12 graue(ace.) hebesl‚10,7

1‚3,63 ς141114(444.)1,7,62 gru· hebetantem IV,1,17

1111411, 7, 49 grauior 1, 2, 38 ΙΙ, Hebrum 1, 6, 21

9, 72 ΙΙΙ, 3, 76 grauius 111, 7, 33 Hector 11, 11, 16

grauiore 1, 2, 11 grauiora Ι, 2,12 Η44141444 IV, 7, 42
grauitas 11, 6, 29 ΙΙΙ, 9, 67 gravi· Helicona IV, 2, 11

14141, 9,9

Η411144644 ΙΙΙ, 10, 26 ’

graues ΙΙΙ, 1, 10 grauaris ΙΙ, 11, 24 Hennaeus 11, 10, 26

gurgite 1, 3, 13
31111411,3,90 IV, 10,6
gutture 111, l, 22

Η

14444144

6416411, 1, 16 IV, 4, 4. 32 641644

rammammmm

Η41411141ΙΙ, 13,11, 16, 7, 19
Herculeae 111, 3, 100
heredem 11, 2, 60
Η4111114114411, 11, 16

64144 1, 3, 6

mmmammumumwmmmum
ammmmmmmmmmmfflmm
mumummmmmuummumammmunma

18. 34, 2, 66, 3,46, 6,46. 62, 7, 42.
66,8, 6. 22. 64, 10, 16 III, 1, 82.
128, 2, 44. 96, 3, 48. 86, 4, 16, 8,
21 bis. 9, 60 ΙΙΙ, 2, 3638, 3,32.
mumammmumm
04, 12, 34, 14, 12, 16, 20. 38. 62
habemns IV, 12, 21 6464111 Ι, 1,
74, 6, 64 ΙΙΙ, 1, 14. 168, 2,104 IV.
6, 14, 6, 34, 10, 40, 14, 64 habeas

49, 3, 3 111, 286, 9,11 ΙΙΙ. 6, 24.
46, 7, 17, 9, 77. 78. 79. 110, 12, 29.
38,13,3,16,4 64441, 2, 6. 74.
88. 147, 6, 29. 31. 33. 39, 4, 31, 6,
66, 6, 3. 26, 9, 63, 10, 31 ΙΙΙ, 1,
19. 27. 36. 66, 4, 81, 8, 21 bis. 22,
9, 26 IV, 1, 4. 21;2,14,3,31, 7,
13, 9, 43. 98, 10, 1, 12, 17. 20 644
1,,2, 66,3,93,6,13,8,61,9,46.

 

