161611. 169

6611, 2, 93,6,29.61,7,64 11147, 1661629. 39 Ι7,1,32,3,31, 4,
9, 26. 28. 30 ΙΙΙ, 3, 81;6, 5. 16, 7, 20 1666 (g) 11, 3, 56 1666 (d) I,
29. 31,9, 13 IV, 3, 29,4,40, 10, 2, 78 Ι7,10, 14 1611161112, 48
38. 66 · 161111, 2, 62 1666 (n.) Ι, 8, 64

66161, 2,74, 3,26,4, 62, 6, 7. 36 IV, 2, 46, 12, 28 1666 Ι, 6, 42
ΙΙ, 2, 98. 106, 3,9, 4,4, 7,4, 8, 1666617, 19 ΙΙ,6,6,10,9 ΙΙῙ, 1,
26,10,8 1111, 3648, 9,62 IV, 41. 76,4, 43 16661 Ι,9,56 II, 8,
3,18;14,7,16,39 66166 Ι, 2, 41, 3 III, 1, 48, 3, 73, 6, 3 1666116
3, 13 ΙΙ, 4, 16 ΙΙΙ, 4, 77 IV, 2, 60 ΙΙΙ,2,101 debent ΙΙ,2, 83 16-
66166 ΙΙ, 7, 21 661661111, 1, 142, 6661 Ι, 9, 26 IV, 4, 26 166616
8,1Ι7,2,7 661616611111, Ι7,6,31,16,3 1666111, 7, 66
23 IV, 5, 36;6, 37 6616161111, IV, 10, 76 16666111 ΙΙ, 6, 12 16·
73 ΙΙ,1,6 ΠΙ, 3, 7,9, 26 66116 66161 ΙΙΙ,1,80 16666161 ΙΙΙ, 2,
Ι,,266, 8,63, 10, 3 IV, 4, 21 cn· 31 1661161, 4, 66
1661,6,11 ΠΙ, 9, 29 IV, 10, 67 debilem, 1, 68

66116111 1, 143ο 1’V‚ 4, 35 debilitatl’, 4,19 1661111616 ΙΙ 6, 32

66166116112,81 curem 111 9, 32 166116117 1, 2· 8, 6
6616616 ΙΙΙ 7, 26 December IV 4, 24 Decembri IV,

66111111, 10, 28 6111616 Π,6, 12 9, 69
Ι7,3,6 6611616117,9, 10 cu· 166611, 6, 20 ΙΙ, 3, 62,9, 13,10, 12
6611111, 3, 76 66166166 ΙΙ, 10, 21 ΙΙΙ, 140 166661117,13,17 16-

66166617, 16, 28 661666 ΙΙΙ 9, 26 661611, 6, 62
66161 ΙΙΙ 1, 27 IV, 6, 43, 11, 18 decima IV 6, 7 .
661616661, 2, 84 66166611, 7, 17 decernere IV 9, 49 decreta ΙΙ, 2, ’

· IV, 10, 66 6616166614, 15 87 17,9, 101 1661611617, 9 ,44†

66116617,6, 48 6111616112, 77 decerpere 111 6, 19
ΙΙΙ, 1, 67, 4, 96 66116 111, 4 36 decipit III, 9,11 deceperit ΙΙ ,2, 69

66161117,9,27 166161611, 2, 47 16666166 Ι, 6,

curuo 61166117, 10, 26 33 1666616 ΙΙΙ, 3, 23 deceptae

curuus curua (1.61.) 114, 20 66166 IV, 6, 16 1666617117, 5, 12
(666.) 1, 8, 64 66161611, 7,44 1666161 ΙΙΙ, 2, 64

cuspide IV, 11, 3 1666111, 3, 13

66616619, 21 IV, 1, 31 1666611, 8, 26

Cyanen 11, 16, 26 dedigneris 1116, 31 dedignatus I,

066166617,10,23 7, 33 dedignata (661) II, 2, 76

cygnos ΙΙΙ, 3, 96 16166616 Ι, 6, 13 16166166 (66666)

(1616666 Ι7,10, 491 Ι7,9,29 deductum IV,1,1

Cynicusl,3,‘16 16161161111,147 161611616 ΙΙ, 2,

61 ΙΙΙ, 3, 71 1616116161, 4, 40
D· 1616116617, 7, 23
16116111, 5, '8 161161661Π,7,76

1161166116611 2, 74 deficiedeI, 1, 67 1611616161, 3,

damno 1611116166 ΙΙΙ 4, 97 9 1616161161, 6, 72, 6, 36 Ι7,4,

1661666111, 10, 33 1611166661, 6,34 28 16166166111, 4, 37

16611616166116(1)ΙΙ11, 166 daniae 1616161661118, 16
(1.) IV, 11, 10 161166(666)Ι 1666661111, 5, 7 degeneres ΙΙΙ,

Danais (661.) 17 7, 41 degustanti IV 10, 18

Danuuius ΙΙΙ, 10, 68 Ι)66661611 lv, 1616661 IV, 16, 33
9, 80 16166166 ΙΙΙ, 6, 32

161, 1, 229. 68, 2, 136. 146, 3, 13. 1611611161, 10, 16. 19 16116116 (1)Ι,
3468687139111141 10,18
2, 108, 6, Η,73 9, 7111, 1, 76, 2, 22. delinquere III 9, 13 16116111, 7, 41
39. 93, 4, 41. 63. 88, 6, 20. 24. 4;3 IV,q 1, 6 1611616 (166)ΙΙΙ 9, 7
6,26, 7, 3931, 8, 16, 9637 116116171467
11'(‚2,4‹'5; 3,18, 612114, 6,17. 1611166617,329, 14 20 dementia
46, 8, 28. 31. 39, 9, 96. 132, 10, 64, ΙΙ, 2, 11
13, 7. 23. 37,14, 26. 27 · 1611111, 7, 20 16111661,3,13 112

 

