1111151. 175

15551551, 7, 31 11, 5, 7. 43 IV, 3, IV, 4, 16 lapso (d) ΙΙ, 3, 48, 6,
12 1555151, 8,44 ΙΙ, 2, 92, 8,4 35 111, 2, 109 IV, 12, 37 lapsis
ΙΙΙ,2,10 15551151Ι,4,20;5, 59 ((1)ΙΙ,9,11
ΙΙΙ, 4, 100 iuncta (555.) ΙΙ, 10, 40 1511511, 4, 8. 22. 25, 5, 17, 6, 10 ΙΙΙ,
1511511511, 4, 31⁰ IV, 5, 10 9, 21 IV, 1, 29, 10, 17. 82 laboris

15551, 4, 39 1555515111, 1, 111145 1, 5, 60 ΠΙ, 5, 35, 9, 20 IV, 14,
IV,16,8 Iunonem IV, 16,7 25 laborem 111, 9, 21 1555155111,

Iuppiter ΙΙ, 1, 13, 9, 25 ΙΙΙ, 6, 27 4, 11 laborum I, 5, 25 labores
Ιο515ΙΙ,8, 62, 9,26 Ioui III,4, (555.)Ι,4,53 ,

90 151151, 7,50 ΙΙ,8,62 ΙΙΙ, 6, laboro 1511515111, 1111 labores Ι,

18 ΙΙΙ,4,34,8, 78 3, 89 1511515111, l, 85 laborantis
1515 ΙΙΙ, 3, 68 iurat IV, 5, 39 iures ΙΙ, 9, 29 15551551511111, 6, 22

ΙΙ, 5, 54 1515151,9,33 IV, 6, 21 15515515ΙΙ,5,37

iurabas ΙΙ, 3, 64 15151115 ΙΙΙ, 3, 49 Lacedaemona I, 3, 71
ius (555.)1,7, 60, 9, 38 ΙΙΙ, 4,16 1555155111,2,6 15551111,3,28

Ν,8,9, 9, 36 15115 IV, 16, 40 laceras Ν, 16,1 lacerarat 111, 6. 19

1515 Ι, 2, 1483 9, 41. 43, 2, 20 ΙΙ, 1555115 ΙΙ, 9, 57 15551115 (abl.) Ι,

3,62,5,71111,4,38,6,41 1515 4, 51 ,

(555.) IV, 5, 17, 7, 2, 9, 43 1551115551, 2, 27 ΙΙΙ,1,99.158 15511-
15555111,9,30 1111511, 2, 37 Π1,1,140 1511111555
1151151111, 6, 24 iustitiam 11, 1, 33 I, 7, 29, 9, 41 11, 3, 84, 11, 9 ΙΙΙ,
1551511, 3,61; 8, 76 IV, 3, 22 bis 1,32. 166 IV, 3,30;6, 25 lacri-

15515151, 8, 69 15515111, 9,8 IV, mis (abl.) I, 2, 102, 6, 43, 9, 2. 20.

9‚8† iustam pl.)II,9, 59 IV, ’53 IV,11,4.10

15, 30 iusta (aec.) ΙΙ, 8,24 155115- 1551511517, 8, 41

5115551, 2, 97 iustissima I, 5, 25 1551555111, 3, 97
155555115111, 3, 29 15555 (555.) 11, 10, 25
1555115101.) Ι, 6, 55 1551111 ΙΠ, 9, 25 1556515111, 1, 82,
1555111511, 3, 45. 55;5,49, 9,5 ΙΙΙ, 4, 73 15555111ΙΙΙ,3, 72 laesisse

5, 7. 37 ΙΙΙ,7,6,8,23 1555511, 1,1,51 155515551111,16,7 155-

4,4 1555115111 1, 4,47 ΙΙ,9,52 11115111, 2, 22 15511111, 2, 22 IV,

iuuenes (n.) 111, 2, 67. 77. 89 111, 4, 28, 6, 39, 14, 17 155555 ΙΙ, 7,

16. 39 1555555111,1,61,5,41 9111, 5,4 IV, 11,5 laesaIV, 2,

111, 2,95 1111151155(555.)ΙΙΙ, 13,31 18 15551 (g.)I,4,44 1555511111,
15555151, 10,12 3,68 laeso I,1, 11 155555111,
1555511111, 12, 29 6, 22
15115511, 3, 94 155511, 5, 36. 45. 78 Laestrygonis IV, 10, 21 Laestry-

ΙΙ,1, 13, 3, 34111, 5, 20, 7, 21 1115, gona 11, 9, 41

9, 21 IV, 2, 30; 9, 1, 16,51 iuuant laetitiae ΙΙ, 2, 84, 7, 38 III, 3, 86

Ι,4,4 1555111,8,5311,9,40; IV,9, 57 1551111111,1,12 15511-

14,4 1555111111,1, 41 151151, 6, ,115111111,4,50

17 1111151511,9,24 ΙΙΙ,8,4 IV, 1551011, 8, 63 ΙΙ,11, 16 1115155111,

8, 6 1551111, 5, 10 1555111(5. pf.) 9, 35 IV, 9, 34 15511111, 1, 58 ΙΙΙ,

1V,10, 66 1511155551 ΙΙΙ, 4, 28 1,136

1555111 (f. ΙΙ.) IV, 8, 27 155511, laeti I, 2, 23 laetum 111, 4, 46 15515

3, 90 iuuere I, 4, 41 1555155111, (5111.)ΙΙΙ,4,29 IV,4, 19 laeta

1,16 15555151ΙΙ,7,71 15555- (n. pl.) IV,3,5'1 laeta (555.) ΙΙΙ,

1155 (5115) IV, 12, 49 1555111115 ΠΙ, 9, 35 laetarum IV, 4, 15

3,107 laeuus IV, 9, 119 155511, 3, 57 ΙΙΙ,

3,14

L. lampades ΙΙΙ, 3, 60
Π 1551111,8, 11

labefacta (511) Ι
labe I, 2, 143 ΙΙ,
8,20 11111.) 111, 3,8 languidior IV,
labent 111 , 2, 5 10, 44
labor labitur lv, 10, 50 labentis 15555111, 5, 20 IV, 8, 40, 9, 33
11, 11115 1515111513 111, 3, 15 Laodamia 111, 1, 110

1511115111, 4, 3

112622, 7, 49 IV, languida II, 1, 2, 4, 4 languida (11.

 

