Μ

INDEX.

555110 quassae( )ΙΙ, 3, 58 quasso queatl, 2, 66 IV, 9, 95

qua’ttuorl, 8, 28

555 Ι, 1, 4. 29. 45. 47. 57. 61. 62. 76.
79 26132225 26 39 4162
78. 79. 83, 84. 85 155 86 90. 99.
100103105, 117. 119. 120. 122.
139. 159, 3,...4528 56. 57. 58 74.
94, 4 2 8 25155 38. 51. 54. 55,
5,8101..,831737785 6, 3.8.
10 16 bis. 18. 31. 32. 42. 43. 49, 7,

55555115111, 6, 4 IV,3

,22 55555115
17, 3, 3 querellas ΙΙΙ 4, 45

5555551, 8, 25, 10, 8 ΙΙΙ, 4, 24, 5,

10 17, 14, 28 555555(5ο5ἰ,)11,
9, 7 ΙΙΙ, 1, 47 5555515517, 1, 15
queramur IV 9, 55 queretur 111
1,47 que1erere IV 11, 6 queri
IV, 7, 4, 9, 96 querente IV 10 84
questus (sum) IV, 14, 1 questa
(est) IV 14. 26

7. 9. 12. 18. 19 23. 28 bis. 32. 45 5555515517, 9, 21
bis. 59. 65 b1s 8, 7..9 34. 38bis qu111 76,2,1,..31133. 34120.

ffifflwffi93.3wnwww
5555555555
5555555555
5555555555
555555555.
55ω5555555
5555555555.
5555555555.
5555555555;
5555555555.
5555555555
55;Η5555555
55’55555555
555Μωωωω.5.5
5Μ55555555
m‚1‚mm.ffiaewmae
emwwwmmaemm
,5555555555
5ωω55ῃ5555
555555555
555555555
55555555555
555555555555.
555555555
55ω5555555
5555555Μ55
5555555555
555555555
5555555555
5555555555
55555ΜΗΜΜ5
ω555555υω5
5555555555
5555555555
555555555
5555555555
5555555555
55555555555
555555555
555555Η55.
5555555555
5555555555
5555555555
5555555555
5555555

1ω’55ώ555η5.
w435ffiwwss‚nffm
5555555555
5,5,Μ5555555
5Μ55551ω555
5; 5;5,55ᾘ555
55ΗΜΜ55
55555,5,Η;
Η5555;4,5Ξ.
w9 Μ5555;5,5.
5.5.5.5555;
555555555

9,44.
3.436,
3.,457
2526,
2.5

3
2,
6,3
2,2
6,
6
1

5,10,1
1, 20, 1
131518. . 022. 27. quael,
230 59, 3, 72, 4,13, 18. 36, 5,73,
6,2,1 7, 59, 9,1, 1036 ΙΙ, 1,23.
67, 2, 15. 21. 36, 3, 24. 59. 70, 76,
55555555555
73, 10, 27, 11, 17 ΙΙΙ, 1, 2, 48115.
117. 122, 2, 53. 56, 7, 11. 21 17,
1, 30, 3, 21, 6, 19, 7, 21, 8, 11. 12.
16. 79, 9, 4. 37. 41. 61. 87, 10, 64,
12,13, 13, 50, 14, 58. 59, 16, 46
55561,3,14,5,77, 7,63;8, 23,
9, 3. 45, 10, 10 ΙΙ, 2, 55, 3,15. 73,
5,21, 7, 46, 8, 6, 11, 15 ΙΙΙ, 1,
136,2,87, 3, 7298, 5, 29 lV, 2.
48,3,23,8, 74, 9,126, 13,2.8,
14, 4, 15, 23 cuius Ι, 2, 133, 7,14
ΙΙ, 7, 36 17, 2, 3, 7, 19, 15, 19
551 Ι, 1, 17, 2, 90. 135. 136, 7, 29,
8, 45 11,- 2, 116, 3, 23, 4, 41, 8,30,
9,1 ΙΙΙ, 2, 91,6,1 Ι7,2.37.47,
3, 39. 43, 16, 21, 43 queml, 2,
129,4,29; 5, 68, 9, 49 ΙΙ,2, 79,
3, 86,8, 3. 26. 47 ΙΙΙ, 3, 24,4, 14.
23. 34, 5, 27, 6,59 17, 3, 32, 8,
63, 9, 73, 10,73,13, 12, 14, 1. 51
quam Ι, 2, 105, 4, 24. 47, 7, 2, 10,
40 ΙΙ, 1, 19, 2,4. 46. 60, 3, 48. 89,
5, 31, 9, 6. 73, 10, 024 ΙΙΙ, 1, 8.
106. 146, 2, 1. 62. 63, 3, 2056, 4,
41,5,1.5; 6,9, 7,37; 9, 47 17,
5, 32, 6, 1, 8, 80, 9, 91, 14,8. 56
55561, 1, 16. 2327, 2, 66. 95, 3,
30, 4,46, 5, 53. 59, 6, 17, 8, 17.

 

