115111. 155

15511111, 10, 14 55155111, 4, 18 5511555 17, 4, 9 caussas Ι, 2,15
55151512, 64 111, Ι, 38, 7, 2. 29 1112, 76 17, 112, 10, 37
5511115551, 3, 46 cerens IV, 4, 7 5511517, 8, 80
5515561147 carentes (n.)1, 3, 55611Ι7,2,48 55651Π,7,1955-
55 55155155 (555)1 9,9 5511111- dens IV 9, 51 55115151, 3,44 11
15517, 5, 41 2, 83, 6, 23 17,10, 58 5555111,
55111151, 4, 36 5511115111 2, 67 ea· 3, 75 55555151 ΙΙΙ 6, 48
11155117, 59 5515551111115511, 10, 49 celeberrime
5511115111, 1, 3011, 4, 13, 6,34Ι7,1, Ι, 9, 25
1, 2,13. 20. 34,6,18, 12, 4, 16, 9 55155151517,8, 87, 9, 116
carminis1,5,'11V,134 carmine celeriI, 2, 8⁷0 III,4, 114 1V,9, 79,
11,c,1 111,1,61.89,3,31.37, 7, 16,16
, 317, 3,4, 7, 54,8, 34, 47.53,10, 05155 Ι, 4, 91 05155 Ι, 9, 44 Celso
71,11,2,14,1,16,12 carmen Ι,9,1
111,4,26,46,5, 39, 6,2 car· 5555511511,5,73 ΙΙΙ, 175 censa
mina Ι, l, 24, 2, 132, 6, 58. 61, 8, 1,2,138
10, 9, 43 113, 77, 5, 9. 25. 71, 9, 55551151, 9, 39 census (g) 17, 15, 14
51 ΙΙΙ, 3, 29, 4, 59. 65. 71, 6, 6, 5551515111, 5, 24
9,2.8 carminibus 11, 1,63 IV, 5515Ι,2,56 ΙΙΙ, 7,6 Ι7,9, 102
8,55,14, 16 5515511111 5515 I, 10, 28 55-
5515517,9,122 551555111162 15517,1,12
carpere 111, 1, 64, 4, 74, 9,2 Ceraunia II, 6‚9
carpsit IV 8, 32 · 051551151118, 11
05111517, 16, 7 carew, 13, 2 30 0515511, 9, 30
55111517, 3, 19 551517, 12, 59 ce· 5511151, 5,15 55111151, 3, 19, 4,
11111111, 3, 15 ΙΙΙ, 2, 85 551512, 11, 5, 5 IV, 6, 39 55111111, 2,5
50, 8, 32 551517, 8, 89 55151 55111511, 3, 41 cernerel, 4, 49
4, 50 55155111, 2, 21 5515111, 11,8 8,19 IV, 4. 13. 27 5511111117,
6, 52 5111151118, 27 17,4, 17 4,,43 cerne’ndus 111, 5, 49
5511551515 II 4, 21 IV, 10,3 55- 551151551111, 2, 85 ΙΙΙ, 2, 89 55115-
115511115111 4, 51 11111151,4,15
05551551, 8,13’ 55115111111114,53
Cassandreus 11, 9, 43 certe I, 1, 7. 65, 5, 78, 6,11 112,
casside IV, 7, 37 43101 1115, 44 17,5,14,7,7;
05515111, 11, 15 8, 24, 9, 127, 13, 5
55511511, 9, 37 5551115 ΙΙΙ, 3, 82 55115511,1,11,7,2817,6,9 55115
55511511, 2, 11 11122 551155 (5111131 55115
castus castis Ι,1,18 5551511, 133 1,3,20 5511511117,3,50 55115
casus (g) Ι, 5, 55 5555111116211, IV, 13, 22 5511151110, 66 cer·
6, 23 5551111382 17,3,36 ca· 1151Ι,2,6111,6,8 certissimus
5115 (555.) Ι, 2, 43; 6, 2 11, 10, 20. 17, 12, 39 certissime (11. pl.) 111,
39 ΠΙ,2,92 5551511511,7,24 4,27
5515111517,13,45 55151111, 133 ceruice II, 8, 65
555551, 3, 89 cessas III, 4, 95 cessat 17, 10,8
5511511, 1, 70 IV, 10, 5 canantur 5555515 ΙΙΙ, 7, 35 cessabo IV, 14,
11,7,40 17 5555551 111, 4, 57 55555511
cauce cauea 11, 3, 52 17. 7,’ 32 IV, 2,5
55551ΙΙΙ,2,22 5511511117, 8, 46 551515 (n. f. 5.)Ι,7, 15, 8,8 ce-
5511519, 32 11,4, 32 111145. tera (11, pl.) 11, 5, 32 551515 (555.
· 139 55551511,8,63 551151517, pl.) Ι,2,8 ΙΙ, 1,35,2,6. 72 111,
3,56 cauetur 111,1, 101 551115 2, 88,3,71,4, 53
ΙΙΙ,6,3 cauti 111, 2, 19 chaos 17,8,57
55555514, 7, 5, 25, 60, 7, 28, 10, 5115115 IV, 3, 26, 13, 34 51151155
35 ΙΙ, 2, 42. 52,3, 54, 9, 15 111, (g) )17, 13, 7 chartis 111, 6, 52
11473232795617162 17,12,27
14, 5, 46, 9, 4057, 12, 17· 13, 42 0115156111 17 10, 27· 14, 9
55115555(1,ν)’1,2,68 5511555511 0111551655 ΙΗ 3, 41
6611 2, 41 17, 4, 40· 6, 11, 15, 44 0111155111, 3, 43

 

